0.570747069365983,0.4068920676202862,0.8155921190194539,0.6119845949697672,0.5972500781421076,0.603225806451613,0.492200557103064,0.5669928188880059,0.6857853575389011
0.3302461128367605,0.2778933680104031,0.8824337477966816,0.6545857455231182,0.29916000133547027,0.42258064516129035,0.5289693593314763,0.6421149511074551,0.5032796447060935
0.5980172341130361,0.4453836150845254,0.6769712670967921,0.799471033973056,0.5930681019605549,0.2032258064516129,0.3083565459610028,0.16344293544422214,0.46407700314202793
0.8445686801650716,0.39960988296488953,0.5851399591438801,0.6341250727411856,0.8136816034347859,0.6419354838709678,0.3952646239554317,0.44761203199317545,0.8224614570505512
0.7374273702594474,0.5171651495448635,0.7392932937441837,0.6055865409573247,0.7383880695208883,0.5258064516129033,0.5467966573816155,0.5397583105673555,0.8179786053209849
0.644113825094252,0.7179453836150848,0.5575843847560645,0.6946695782599785,0.6889923277770369,0.22903225806451616,0.36295264623955437,0.24119250225028369,0.49552479632991553
0.46315808377198564,0.39752925877763334,0.8737817103835568,0.5455370961826315,0.4167775791378686,0.7322580645161291,0.4398328690807799,0.5314303708946239,0.5712871262972271
0.592297994887239,0.488036410923277,0.6385160649008608,0.6881763897294142,0.5411922626505011,0.2935483870967742,0.4064066852367688,0.3151494306559147,0.6297891074624238
0.5904215538979531,0.4308192457737322,0.7108838002911367,0.6921480647946475,0.5626426898853322,0.7193548387096774,0.59025069637883,0.654205491319707,0.7283241773546772
0.3281509005562775,0.5057217165149546,0.9,0.5763788055016434,0.33913981868534593,0.2548387096774193,0.3952646239554317,0.3528163286224718,0.3642957840444375
0.6483574692242854,0.42353706111833556,0.6385160649008608,0.6188624986711134,0.6032166756084744,0.6548387096774194,0.432033426183844,0.497803813815341,0.7116282720709123
0.7238083253436141,0.346553966189857,0.8236558154008363,0.6254739120150248,0.7092009137316051,0.6677419354838711,0.49108635097493036,0.5723973446722278,0.8279364304563023
0.50046688825938,0.3631989596879064,0.4565180559583081,0.6967052784765124,0.5156412449771518,0.5903225806451613,0.5467966573816155,0.6847952850023094,0.6626148254209289
0.4899793104910498,0.3330299089726918,0.7539391425690579,0.6078721667902742,0.5199911016951776,0.26774193548387093,0.4331476323119777,0.3411175538917009,0.5552302858335585
0.5764678112693188,0.3923276983094929,0.6262191815559629,0.5717661595397627,0.5111771785914992,0.603225806451613,0.6515320334261838,0.639191812398949,0.7346216575960143
0.6158143560902988,0.33927178153446036,0.9,0.5920224997579544,0.5789035636961753,0.5903225806451613,0.40417827298050135,0.48351940428156837,0.7196175403020137
0.49825125292493755,0.31534460338101433,0.8318012929395214,0.6814263427443696,0.46821090746801286,0.48709677419354847,0.443175487465181,0.3941176796657031,0.5784801353615416
0.45041095024683964,0.29973992197659305,0.7688863349426808,0.7242603834864719,0.4861959911439512,0.2032258064516129,0.33286908077994426,0.13479855546828143,0.493780648081673
0.5868067493925927,0.29973992197659305,0.7039613131591088,0.6493253372670297,0.5616779027594628,0.2548387096774193,0.3952646239554317,0.31058917914079476,0.6016278688996632
0.40093943825012623,0.25500650195058516,0.1,0.42449815596647855,0.3665843980174538,0.7193548387096774,0.7696378830083564,0.8237115616061848,0.506866351592865
0.554973671586156,0.3163849154746424,0.12424095127277386,0.5795350449457791,0.5028196677060435,0.6677419354838711,0.6871866295264623,0.76201381318331,0.6450292126319442
0.5719460233361954,0.5431729518855657,0.6903276004064873,0.7841511092864131,0.521093726143978,0.2935483870967742,0.40083565459610027,0.3007556266731429,0.5736760177327804
0.5577363596283266,0.4828348504551365,0.7918843493139077,0.7768587075570459,0.5086919127108938,0.24193548387096778,0.32506963788300836,0.21961568535076786,0.5186018627071192
0.7704180428857984,0.28517555266579975,0.5965725377145007,0.7022358179053695,0.7829010038001252,0.31935483870967746,0.3908077994428969,0.36934988489413867,0.8160069326929638
0.688120504036368,0.6128738621586476,0.4565180559583081,0.7884077916611127,0.7084937466468868,0.19032258064516128,0.31949860724233986,0.19123821357000753,0.5403717586261726
0.678754390287587,0.33823146944083227,0.8737817103835568,0.6305183436408427,0.6447648791776741,0.7193548387096774,0.5947075208913648,0.6326989589302735,0.8268655075903051
0.42441973636747765,0.5941482444733421,0.7320816575591124,0.558145228710143,0.40970718870816103,0.3709677419354839,0.450974930362117,0.47825723758519945,0.4309451088368558
0.25387353185908035,0.3850455136540962,0.9,0.1,0.26287993717794933,0.3709677419354839,0.4242339832869081,0.4911101760461706,0.4380829744342384
0.5488090104211935,0.40897269180754237,0.848340580401936,0.679944502656179,0.5923893362680528,0.2032258064516129,0.3038997214484679,0.1181316385389623,0.513822097993715
0.6786595490997359,0.4838751625487646,0.8652160198713025,0.5698856169710792,0.6844527028978397,0.5258064516129033,0.38523676880222835,0.3698576899454633,0.6905896490433341
0.5450889830019404,0.46723016905071535,0.8652160198713025,0.5591550394153313,0.5707503347944544,0.42258064516129035,0.49442896935933145,0.559463063217354,0.6276126941299827
0.5131019419991496,0.34135240572171655,0.9,0.5561075028731456,0.49478639333844887,0.564516129032258,0.5724233983286907,0.7013448823482559,0.7277214069013039
0.6649726331484868,0.42145643693107937,0.8824337477966816,0.5606586395493572,0.6440448738039096,0.48709677419354847,0.3908077994428969,0.38040199760763305,0.715752774298983
0.5546085530127842,0.4557867360208063,0.848340580401936,0.8090476001368438,0.5621863677919947,0.2548387096774193,0.3083565459610028,0.2311963616310138,0.5232768727340099
0.7999865741703552,0.335110533159948,0.6023789872141159,0.6684005265627382,0.779555022156197,0.564516129032258,0.3908077994428969,0.45020425741184433,0.8123954135935814
0.6044254077824005,0.24460338101430434,0.37247570476309855,0.5164819573493279,0.6287590422866594,0.564516129032258,0.42311977715877436,0.3059861579369663,0.6117921789428311
0.4510189900379562,0.35279583875162557,0.9,0.500216559267954,0.4267481447862521,0.564516129032258,0.45766016713091917,0.5028615803339883,0.5605596157512069
0.3847929414042338,0.45162548764629395,0.6971094629855383,0.8413030226103333,0.35289446796788526,0.2032258064516129,0.2949860724233983,0.14211789881736875,0.27765198851507716
0.5273465704251344,0.511963589076723,0.31185954264696636,0.5949046010160036,0.5032510351598263,0.435483870967742,0.401949860724234,0.31173322054068286,0.5430225100820313
0.4417800271349611,0.5639791937581274,0.717877579095584,0.5164819573493279,0.4328311882657315,0.3709677419354839,0.41197771587743726,0.4222779957691357,0.410000059066149
0.7955821146566535,0.6097529258777634,0.5314401267951322,0.8553553217988649,0.7424459313876058,0.2161290322580645,0.34735376044568234,0.23186914246058965,0.6696743005332816
0.6915455644980752,0.23940182054616388,0.8318012929395214,0.6513903625994087,0.6864201021133975,0.603225806451613,0.3908077994428969,0.4806929425263673,0.7749873607696641
0.7478712703615139,0.2185955786736021,0.8400292973542522,0.6152771249664744,0.6781792875034708,0.44838709677419364,0.37409470752089136,0.3974875357376464,0.8102104914578192
0.3680461086585608,0.592067620286086,0.46960850208371296,0.6505084096739993,0.3843865861847964,0.2548387096774193,0.3685236768802228,0.3378779808206114,0.38594547675739566
0.4083238640501117,0.36736020806241876,0.8737817103835568,0.6599679222335403,0.46081710865623415,0.7193548387096774,0.6693593314763231,0.7292112681081985,0.61390773644757
0.41552757686383657,0.2726918075422627,0.8567358999203833,0.6141866579256032,0.4114409459896089,0.8225806451612904,0.7128133704735374,0.8856615844176321,0.6463476626953316
0.5309227852742809,0.24252275682704816,0.17735971695439956,0.6181514246788536,0.5020259737624729,0.8741935483870967,0.5557103064066852,0.7739657281911135,0.6782722314905725
0.4817796410066436,0.405851755526658,0.848340580401936,0.6112442141501849,0.5345143509478697,0.39677419354838717,0.44540389972144845,0.4863296817089874,0.6081132228215693
0.5814720071464,0.25812743823146944,0.8911729147046666,0.5750080550699249,0.5337359035440571,0.7193548387096774,0.628133704735376,0.6612633284811225,0.787770050557971
0.5628697245051083,0.7054616384915476,0.6971094629855383,0.7162302642687578,0.5207053805313046,0.2032258064516129,0.3172701949860724,0.18904226566354154,0.4415855199857023
0.44490782156754616,0.8646293888166452,0.9,0.5726987165665599,0.3981184865101982,0.2548387096774193,0.3785515320334262,0.3703649701335924,0.3712792141093251
0.40484921852441547,0.5442132639791938,0.7688863349426808,0.4806484727023411,0.3465175738492388,0.3451612903225806,0.4253481894150417,0.45959363755080396,0.4272338965585337
0.606214579908387,0.5566970091027309,0.7841404396562187,0.8621407649622348,0.568123200605302,0.2032258064516129,0.345125348189415,0.16498631262274657,0.4884578102217392
0.1981744569347183,0.22899869960988298,0.9,0.6308493961427977,0.18945191431764236,0.15161290322580648,0.3562674094707521,0.16805858267577,0.3346847932619359
0.47442670130972775,0.3226267880364109,0.7108838002911367,0.5621491076368036,0.49073876418375295,0.6548387096774194,0.383008356545961,0.4733492613019089,0.5859047572118968
0.391270749232871,0.2778933680104031,0.9,0.6563037886697204,0.4172545235744902,0.4741935483870968,0.3952646239554317,0.42364447518083936,0.5576049039794326
0.729930577102431,0.264369310793238,0.5263748304136003,0.6341250727411856,0.7217495927737636,0.5000000000000001,0.4286908077994429,0.4428237643712557,0.8121787059830274
0.43703988914989067,0.38192457737321206,0.8824337477966816,0.637020368577521,0.41388747136647264,0.5516129032258065,0.5144846796657381,0.5853267975426067,0.6505956090798365
0.3917495800160523,0.54629388816645,0.8737817103835568,0.8673482387204897,0.3773071006035139,0.13870967741935486,0.3050139275766016,0.14853359198303756,0.3353226178047669
0.36444211450948183,0.34343302990897273,0.9,0.6891192513058815,0.37564234642194405,0.4741935483870968,0.37743732590529244,0.40699012761395825,0.4930603043788018
0.8058297113605272,0.3860858257477243,0.6023789872141159,0.7096892955460425,0.8197155981047176,0.35806451612903223,0.41977715877437316,0.4375463636485497,0.7471889879242384
0.48477755680824497,0.8750325097529259,0.8567358999203833,0.5886679443545114,0.4881689835784634,0.24193548387096778,0.39972144846796653,0.3263680571217019,0.30107343140680315
0.7555303807381911,0.3642392717815345,0.6703955240449341,0.6689305192596424,0.7395727062448232,0.5774193548387098,0.4052924791086351,0.4612816651419853,0.7839593665534598
0.512989371182912,0.3507152145643694,0.7841404396562187,0.6928394533618094,0.484199835555015,0.5903225806451613,0.42311977715877436,0.5135813661315812,0.6038932157478106
0.5540311345176059,0.46618985695708726,0.5522447601827607,0.4413669401021426,0.577841878871984,0.4612903225806452,0.5200557103064066,0.5426221759556368,0.6216884603600138
0.3461403497945815,0.3621586475942783,0.11769832052914178,0.6328223373216688,0.3466979776647494,0.7193548387096774,0.6325905292479107,0.7005693327452303,0.45844603668870887
0.8521495534970617,0.4006501950585176,0.6023789872141159,0.633800320005238,0.8305599853501588,0.6161290322580646,0.39749303621169907,0.44150972466174243,0.8328190456247412
0.5759485089957521,0.7907672301690507,0.6638872238697545,0.6376571510747078,0.5846939381541428,0.26774193548387093,0.39972144846796653,0.3570022263912366,0.46621477741360684
0.8866207895439047,0.4599479843953187,0.7320816575591124,0.710727993282333,0.9,0.2935483870967742,0.41866295264623954,0.3912107005551705,0.8432788571790973
0.37605195893360766,0.4152145643693108,0.7249433096749649,0.5646046537602845,0.3951613584067687,0.3838709677419355,0.47994428969359326,0.5669928188880059,0.4804608436384017
0.5858575764856598,0.46723016905071535,0.8652160198713025,0.6261551804297067,0.5965878355126544,0.31935483870967746,0.41532033426183834,0.3718836723407354,0.6579052882224868
0.46112247486722113,0.8167750325097531,0.2887141402343384,0.5319226368227751,0.4837977767718643,0.26774193548387093,0.3785515320334262,0.28290662191010074,0.33894481967925905
0.6160317820179719,0.24252275682704816,0.8155921190194539,0.76731905597083,0.6111265008562938,0.3451612903225806,0.3573816155988858,0.20846080658455335,0.6367784221839436
0.5829756281079321,0.28725617685305593,0.6262191815559629,0.686274893609026,0.582184877476357,0.6290322580645162,0.47994428969359326,0.5303336251011993,0.6770981231290519
0.6830592392197525,0.5410923276983096,0.8400292973542522,0.6149144096094408,0.6469376251746211,0.3451612903225806,0.36183844011142063,0.2925068016056577,0.6420712493043782
0.5509740077719906,0.5005201560468141,0.5213628524068291,0.8648483281306406,0.4894197888893441,0.2032258064516129,0.30167130919220053,0.15486649969884808,0.4652472935580262
0.521732282587826,0.7886866059817946,0.6574457433877341,0.5330995898410738,0.5734325629479657,0.22903225806451616,0.38077994428969353,0.289526868113954,0.3924041442995947
0.5170040616343891,0.4724317295188557,0.7841404396562187,0.5377278738045453,0.5595255881953345,0.4096774193548387,0.5813370473537603,0.601103087528164,0.6531592575183037
0.5258437141256229,0.3767230169050716,0.9,0.4936938222114322,0.5459502575633783,0.4612903225806452,0.4476323119777158,0.47499071279289773,0.5835232087683354
0.5378595426638472,0.4713914174252277,0.8911729147046666,0.5795350449457791,0.5340956298704096,0.435483870967742,0.4052924791086351,0.367313394261346,0.5734990250365842
0.6102749175323343,0.311183355006502,0.8737817103835568,0.6209781147473642,0.6014526075501425,0.435483870967742,0.4353760445682451,0.48832721616490926,0.6929944543834416
0.677206056551064,0.4349804941482446,0.7465788947319049,0.6149144096094408,0.6532346525666242,0.2548387096774193,0.4097493036211698,0.2853243289584439,0.7072995712753453
0.5170532463054051,0.39440832249674906,0.7320816575591124,0.6360607174382242,0.4653636517336225,0.22903225806451616,0.38523676880222835,0.2989996550743327,0.5224791992233758
0.6122854382190259,0.49635890767230173,0.8400292973542522,0.5878189002587388,0.5466748603784845,0.39677419354838717,0.3651810584958217,0.3395004402760836,0.6636679385591001
0.8957776235904532,0.41105331599479855,0.7465788947319049,0.639867362501968,0.8204730731160896,0.435483870967742,0.38523676880222835,0.3637290749729093,0.878288038089184
0.7220261617204995,0.42665799739921983,0.40073435298531757,0.6594093046766846,0.6910272129321785,0.564516129032258,0.47548746518105844,0.5528658098475129,0.7754569645106826
0.5162832168479791,0.3860858257477243,0.5575843847560645,0.6610797014831487,0.4538569206819436,0.48709677419354847,0.5657381615598885,0.5001446459395128,0.653626966835204
0.44792187389811733,0.3163849154746424,0.6574457433877341,0.6442037213148787,0.4050381521363461,0.5258064516129033,0.7050139275766016,0.7400726453323435,0.6106159938333896
0.4846148341787153,0.5504551365409623,0.7997071167898354,0.5790877117637213,0.4292075385942252,0.2548387096774193,0.40417827298050135,0.3405791078274678,0.49659408706886443
0.4408203340536315,0.23420026007802344,0.6971094629855383,0.6192169276899764,0.424138348242466,0.7193548387096774,0.7551532033426184,0.837409014476431,0.6558443642495053
0.8177279876140301,0.3850455136540962,0.717877579095584,0.7293493887268321,0.7814530968816648,0.44838709677419364,0.4208913649025069,0.45363939681278165,0.7872314668098349
0.5693699954681609,0.3361508452535761,0.8737817103835568,0.5916067687089003,0.5823653291570439,0.564516129032258,0.5746518105849582,0.6279223417786841,0.7050334513982587
0.5800245771522022,0.3912873862158648,0.7392932937441837,0.5482417092279886,0.5438143081370915,0.5774193548387098,0.1,0.4696357994123902,0.656917913236435
0.7340536953716552,0.4453836150845254,0.7108838002911367,0.6937569690731832,0.7254434922775878,0.3451612903225806,0.36963788300835654,0.3538661547731802,0.7083559164734318
0.5527007294573579,0.36631989596879067,0.8737817103835568,0.5348499386336529,0.5644558293668961,0.6290322580645162,0.3874651810584958,0.4093373034807727,0.6462073976059373
0.5382108917258212,0.3777633289986997,0.8318012929395214,0.8155572405312161,0.5335557545812385,0.5774193548387098,0.3529247910863509,0.4467449053748177,0.5959887936008786
0.5974211855777508,0.3195058517555267,0.8652160198713025,0.6268337400165024,0.5920489345924608,0.603225806451613,0.6337047353760445,0.6987549368218081,0.7753293955949362
0.5924376777355463,0.4713914174252277,0.8911729147046666,0.6271720107144547,0.5870788217534827,0.39677419354838717,0.4699164345403899,0.5584272692240638,0.6484362345845349
0.5398397370859553,0.5338101430429129,0.9,0.8587817653114357,0.4861165932531002,0.1129032258064516,0.30947075208913644,0.1,0.42461679927509666
0.5500214656600199,0.4162548764629389,0.7249433096749649,0.6958035193836835,0.5325917231955397,0.2161290322580645,0.3573816155988858,0.27001449316144177,0.5313633495977459
0.41550062695443923,0.510923276983095,0.9,0.49806989560208403,0.4333735510227864,0.42258064516129035,0.45208913649025073,0.5059483423221998,0.43704261353669427
0.5534298285361893,0.311183355006502,0.37930953868532413,0.6328223373216688,0.517961838730844,0.6161290322580646,0.6626740947075208,0.7326161923378525,0.6989426881421882
0.5029407660759058,0.46410923276983107,0.7613747248872087,0.6718164183503906,0.5303412408815905,0.3838709677419355,0.4598885793871865,0.48028783021420307,0.49352754520917064
0.4892691106745536,0.29765929778933686,0.5365592514994141,0.6662639413939473,0.5178959736979971,0.44838709677419364,0.40863509749303617,0.4679763099587454,0.5312233830631591
0.6485735578786023,0.251885565669701,0.8911729147046666,0.5265235306434397,0.6259908805331265,0.603225806451613,0.4654596100278551,0.4863296817089874,0.7683526740831461
0.6038121873653508,0.19050715214564368,0.4970851889581518,0.5576380737715487,0.58295047799192,0.5774193548387098,0.5200557103064066,0.5956869402868569,0.7523489299184428
0.6498236024473807,0.30182054616384923,0.5965725377145007,0.7158287169982257,0.6237434382439011,0.2548387096774193,0.37743732590529244,0.27986764292294186,0.6679156547020969
0.5486007147511849,0.49531859557867364,0.8400292973542522,0.6315095807620126,0.4969610147445198,0.17741935483870966,0.3116991643454039,0.13479855546828143,0.4657601269121828
0.51703357531896,0.4037711313394019,0.7539391425690579,0.6874658091972846,0.5494880825707156,0.603225806451613,0.432033426183844,0.43577454389634596,0.5995474337125519
0.7784075747369198,0.42561768530559174,0.5795127066006124,0.6608024349538539,0.7577892319991175,0.6419354838709678,0.46434540389972134,0.5047930804196518,0.8224982655300578
0.5857333255067727,0.5130039011703511,0.8652160198713025,0.6691948996552622,0.552846553010187,0.435483870967742,0.38969359331476316,0.3749070507208244,0.5753015217629986
0.37330326532245317,0.16762028608582574,0.9,0.479046042983035,0.34687819027321243,0.564516129032258,0.5367688022284122,0.6098955293736926,0.5877911710185152
0.667691510816429,0.5348504551365411,0.8318012929395214,0.6005267686410167,0.6371953604026948,0.3451612903225806,0.36295264623955437,0.2948777894937104,0.6302495115929181
0.4896958311831753,0.49427828348504554,0.6903276004064873,0.3716686004120425,0.439958943733062,0.44838709677419364,0.4933147632311977,0.5306994794143178,0.5281381502096169
0.5953452245325466,0.32574772431729515,0.848340580401936,0.6789494123076923,0.5974977556515515,0.13870967741935486,0.3072423398328691,0.12653584283445235,0.5305094202545924
0.6057590478577282,0.3923276983094929,0.8318012929395214,0.7404909925531006,0.6589910274339091,0.13870967741935486,0.3038997214484679,0.11216187811187814,0.49775626558943975
0.5100385690164847,0.7949284785435631,0.8236558154008363,0.8831392008584037,0.46812264866500974,0.1,0.3038997214484679,0.15800257131690398,0.36455167563526214
0.5664256086894782,0.43914174252275695,0.7764746716567719,0.5646046537602845,0.5820945797683571,0.39677419354838717,0.4810584958217269,0.5635845167301937,0.6284515355420778
0.6342322257012099,0.8833550065019506,0.5469610473540057,0.6298543057943109,0.6320224242865543,0.24193548387096778,0.375208913649025,0.29723737835751407,0.4785319113094594
0.5867378403789194,0.3226267880364109,0.5522447601827607,0.7529018188072518,0.5547135742179818,0.19032258064516128,0.364066852367688,0.18536037639057504,0.5227932058735252
0.47887669409907707,0.3299089726918075,0.6323357332796202,0.652267781042448,0.4876188494904188,0.7193548387096774,0.7272980501392757,0.7966050090284704,0.6941042337432289
0.7342804118093492,0.5078023407022106,0.8155921190194539,0.7543514901965593,0.7305931373358929,0.2548387096774193,0.36963788300835654,0.2847210178335224,0.6206950681178652
0.4836740429442903,0.335110533159948,0.47406642751982997,0.7545118072691678,0.4631964774539723,0.4741935483870968,0.4097493036211698,0.3596003983579311,0.5160414592607866
0.6338443229659352,0.8355006501950587,0.9,0.685316141024214,0.6245897141352722,0.24193548387096778,0.33286908077994426,0.24119250225028369,0.49395984039753893
0.6014915355631062,0.3496749024707413,0.6971094629855383,0.5768332864925961,0.5533820828392484,0.8483870967741937,0.4743732590529247,0.6707019566484526,0.7509005508756855
0.5980480443560348,0.5046814044213264,0.8400292973542522,0.6702483444277203,0.5466748603784845,0.31935483870967746,0.38857938718662954,0.3718836723407354,0.6622363966774117
0.4673034715281782,0.4453836150845254,0.8911729147046666,0.5190482840747134,0.487224803937075,0.48709677419354847,0.46768802228412254,0.4638028703694159,0.5615240767587991
0.5937321273487817,0.2674902470741223,0.38984596500851343,0.5330995898410738,0.5899489713078551,0.48709677419354847,0.4587743732590529,0.48311661924597715,0.6866327331740296
0.5175144120256363,0.3631989596879064,0.9,0.5009261549316414,0.4937265376706663,0.6161290322580646,0.39972144846796653,0.38681769077330186,0.5886570589788207
0.459202192281569,0.4713914174252277,0.4877299800107342,0.3686210638698568,0.4828289389359336,0.2548387096774193,0.40863509749303617,0.43355073611201245,0.5085575174804772
0.39838450304127837,0.2279583875162549,0.9,0.637020368577521,0.43228708994489684,0.5774193548387098,0.46768802228412254,0.5375993912284321,0.5775621124350101
0.6315828412039372,0.22275682704811445,0.9,0.5561075028731456,0.6160052234160198,0.603225806451613,0.4253481894150417,0.5116842105481239,0.7922629093156645
0.4893079782365918,0.3756827048114435,0.848340580401936,0.768060723853686,0.5394021466129995,0.2032258064516129,0.3083565459610028,0.11044280967022042,0.4133175008970357
0.6804891518605778,0.35591677503250985,0.8318012929395214,0.7786764614458902,0.6161161732275702,0.26774193548387093,0.3729805013927576,0.3059861579369663,0.7094375534079531
0.8247173632771935,0.22691807542262682,0.6141750507478558,0.6268337400165024,0.738189825141883,0.4612903225806452,0.3841225626740947,0.3941176796657031,0.889156286918034
0.6702809364486423,0.29765929778933686,0.8155921190194539,0.5907722559885866,0.6578089533576426,0.6806451612903227,0.503342618384401,0.5803941576477466,0.8021534152211601
0.569831115131675,0.2654096228868661,0.5018380749600502,0.49516501676435676,0.4723082281436257,0.5387096774193548,0.4810584958217269,0.5361548175929809,0.6756838985978973
0.5238503505941374,0.264369310793238,0.36579074968164016,0.7351906438145256,0.4864339626036054,0.17741935483870966,0.3384401114206128,0.1883080941903309,0.5105873173203662
0.7373589614921487,0.3330299089726918,0.7465788947319049,0.6764360014684782,0.7523355079236976,0.33225806451612905,0.45320334261838435,0.4419481289234266,0.7839758001957368
0.34651529146677373,0.2508452535760729,0.9,0.34025174097592603,0.3600439539714032,0.31935483870967746,0.38857938718662954,0.37990499145040435,0.47694481068141237
0.6447137127648173,0.44954486345903777,0.5018380749600502,0.6160002510960625,0.6400775780941641,0.4612903225806452,0.43871866295264617,0.4268182088898719,0.678605058817679
0.4516610356532138,0.8895968790637191,0.9,0.6376571510747078,0.3925654212626739,0.24193548387096778,0.3529247910863509,0.25805100508617296,0.28301522205832774
0.5313588816789526,0.5785435630689207,0.5164036871256193,0.6086272897534574,0.5319257667159859,0.2806451612903226,0.4275766016713092,0.41306959172056235,0.5532550682793282
0.5149765675953845,0.3163849154746424,0.8911729147046666,0.7310125503484316,0.5268149209066096,0.5903225806451613,0.38189415041782726,0.5036350927688384,0.6518301663979135
0.42441973636747765,0.5379713914174252,0.8911729147046666,0.5098920455187675,0.36960512358377584,0.3838709677419355,0.3729805013927576,0.4083997797222986,0.5150353093509894
0.5433391539752667,0.38296488946684015,0.7539391425690579,0.672595085151818,0.5214811868057609,0.2032258064516129,0.3050139275766016,0.12570186890681492,0.5076249997046397
0.5997758530376499,0.34031209362808845,0.8824337477966816,0.5790877117637213,0.5453907618951027,0.5000000000000001,0.4777158774373259,0.44631076687829074,0.7213535659667186
0.6802325862145078,0.39960988296488953,0.8400292973542522,0.6619088084317124,0.7017923825274213,0.5000000000000001,0.4699164345403899,0.5486529639091697,0.7202470634116568
0.4187364199158017,0.3340702210663199,0.9,0.38192578650961895,0.3873935211255871,0.7322580645161291,0.5434540389972143,0.6581703770123055,0.646947735213917
0.5390760368064805,0.4464239271781535,0.5629804529991008,0.7313799509451047,0.5403284305799384,0.6806451612903227,0.4743732590529247,0.5128233836823547,0.6025574720905211
0.690193714982469,0.42561768530559174,0.7764746716567719,0.7182239494574486,0.7087297959536628,0.12580645161290321,0.29610027855153204,0.11897856461335658,0.575740411763045
0.7117518523481439,0.618075422626788,0.6023789872141159,0.8273538015052568,0.6322915665353395,0.17741935483870966,0.30167130919220053,0.14131000803688554,0.5305175706645856
0.6981317459986388,0.3892067620286086,0.8824337477966816,0.6565884551431338,0.6688150204021108,0.6548387096774194,0.4442896935933147,0.4514952538729863,0.7746782729650327
0.7863099187494621,0.5202860858257478,0.848340580401936,0.6616328867689517,0.7750710374970863,0.2548387096774193,0.36183844011142063,0.28773018445406773,0.7373339688115708
0.6650676975811164,0.27685305591677506,0.7108838002911367,0.5703576989076385,0.6666865404721334,0.603225806451613,0.4710306406685236,0.5404758451079118,0.7813858106795987
0.5349955080756591,0.44122236671001314,0.8236558154008363,0.8211783706204812,0.4528941175421207,0.2032258064516129,0.333983286908078,0.16958753574507313,0.4590946309836934
0.5704002188656226,0.3028608582574773,0.54173271880517,0.6582865538425637,0.6247654926893,0.5516129032258065,0.35181058495821727,0.34859442268877383,0.6328850623412372
0.48560068985480986,0.1832249674902471,0.23747087910326803,0.72953498690852,0.4442793724057411,0.1645161290322581,0.3417827298050139,0.11472924336465348,0.45385950754053994
0.6171119268426283,0.4308192457737322,0.8076094640723182,0.7054701063300735,0.5885634330666739,0.6290322580645162,0.3362116991643454,0.452354035436494,0.6805900984903267
0.4705854387578692,0.3059817945383616,0.8911729147046666,0.6331489546677616,0.4679459935008926,0.603225806451613,0.6069637883008355,0.6533516896460099,0.6474761546398644
0.46359376194751867,0.4869960988296489,0.7320816575591124,0.6582865538425637,0.4507565620965346,0.17741935483870966,0.36629526462395534,0.201358026493906,0.4561818633208996
0.42750501586717937,0.5535760728218466,0.8737817103835568,0.37760511240893313,0.42241446818180683,0.2161290322580645,0.3562674094707521,0.2216792912150135,0.4800346813501287
0.6457686970301373,0.2487646293888167,0.7392932937441837,0.7084344552508853,0.6390791950788322,0.5774193548387098,0.4030640668523676,0.48712967135362684,0.7554263277188948
0.6331758514760498,0.34239271781534464,0.8400292973542522,0.5509041268969271,0.562845107266581,0.564516129032258,0.41866295264623954,0.4544944380365733,0.7505744021810519
0.42486281018649275,0.22379713914174254,0.8824337477966816,0.5071831392566898,0.3890881920994531,0.603225806451613,0.41197771587743726,0.4458762440182821,0.5834960221246424
0.4373441297265742,0.7834850455136543,0.39706513817448974,0.8291222889502675,0.457466643988366,0.2032258064516129,0.30167130919220053,0.171111740505274,0.25486430265013427
0.41844889457627843,0.3621586475942783,0.717877579095584,0.5394316235085038,0.4436688490202829,0.26774193548387093,0.3763231197771587,0.33188264927721645,0.5071445593668072
0.5535462700069876,0.36944083224967494,0.848340580401936,0.6112442141501849,0.552846553010187,0.5903225806451613,0.383008356545961,0.47004979651692236,0.6756866218054011
0.7474697456257932,0.36631989596879067,0.4438431412542463,0.6463312690455574,0.6896893231448565,0.7193548387096774,0.394150417827298,0.521097493700688,0.726453665463185
0.49692692153215834,0.9,0.8737817103835568,0.7408385639792345,0.44699991972776043,0.19032258064516128,0.3317548746518105,0.1883080941903309,0.2785388358095653
0.6713940051778778,0.24772431729518862,0.1868825569307533,0.682407135738455,0.6521613365554171,0.7451612903225807,0.43760445682451243,0.5454694270930157,0.7233761764471359
0.3615368124740578,0.2102730819245774,0.9,0.2664558632848347,0.4388090245749411,0.3838709677419355,0.43871866295264617,0.41306959172056235,0.5184530534824487
0.4417800271349611,0.6201560468140442,0.848340580401936,0.5064991402999837,0.39338948061479273,0.2935483870967742,0.41532033426183834,0.34753324705736977,0.5080367720420517
0.5752279985143967,0.41001300390117035,0.42360947870250454,0.6055865409573247,0.5425083396716832,0.2548387096774193,0.3874651810584958,0.29782550729346624,0.590274688551862
0.5019744870904036,0.20611183355006502,0.8737817103835568,0.5190482840747134,0.49785278556582346,0.564516129032258,0.4353760445682451,0.4102730397762787,0.6724158941074535
0.7381921424338463,0.39648894668400525,0.8400292973542522,0.603658186979554,0.6971275141660145,0.435483870967742,0.43426183844011135,0.4819062769844329,0.7800454482331568
0.6913941227416796,0.30494148244473346,0.8400292973542522,0.5886679443545114,0.7150236559856856,0.3709677419354839,0.37075208913649016,0.30656390201583206,0.7227600563958928
0.704878944780959,0.251885565669701,0.7249433096749649,0.5626430515742243,0.6905744649913222,0.4096774193548387,0.3863509749303621,0.3522905722376237,0.7484142924628258
0.50338103420697,0.3652795838751626,0.9,0.4433629571395089,0.5019536357140864,0.48709677419354847,0.6559888579387185,0.7357568951540471,0.6942564661021303
0.2599878534104818,0.7013003901170353,0.8155921190194539,0.7822548952085285,0.27594380017397835,0.31935483870967746,0.33509749303621167,0.22646089447586953,0.30072890215487236
0.5738385088730126,0.3892067620286086,0.848340580401936,0.5878189002587388,0.5296049109823686,0.3451612903225806,0.3919220055710305,0.33461688218918717,0.6286671415706326
0.5543236540416189,0.42457737321196365,0.5114968331878205,0.845585147465036,0.5576066623937664,0.3064516129032258,0.3272980501392757,0.28773018445406773,0.5450654097269542
0.6063362484113899,0.3319895968790637,0.8824337477966816,0.701581539105588,0.6158942011592723,0.603225806451613,0.45654596100278544,0.48109772072524704,0.7232851942916897
0.4990187548594994,0.31430429128738624,0.7539391425690579,0.6448143034017748,0.49658805872710365,0.13870967741935486,0.2983286908077994,0.13397851594864654,0.4658212551701725
0.4013435210988221,0.32782834850455134,0.9,0.4530071902978001,0.3686569952152876,0.7193548387096774,0.5200557103064066,0.6626627977450621,0.559366020564128
0.4685209039250472,0.41001300390117035,0.9,0.5112305426644908,0.49851855766792663,0.5903225806451613,0.49442896935933145,0.51471614938469,0.6016562919692825
0.4992537375527337,0.7678803641092328,0.9,0.6828954265186196,0.45905703790141816,0.2161290322580645,0.333983286908078,0.25098910572007704,0.39255421892028475
0.29904564733393313,0.5171651495448635,0.42756909743726745,0.4539423022881235,0.30570944408912637,0.2935483870967742,0.44874651810584953,0.40083441160894817,0.2953968457912586
0.5069117331100791,0.45370611183355014,0.8076094640723182,0.5365825170809002,0.49227751296762845,0.35806451612903223,0.3685236768802228,0.2529251774154194,0.5374927362987981
0.5418817193905725,0.45370611183355014,0.8911729147046666,0.5354294214017858,0.5235965804043515,0.4741935483870968,0.5657381615598885,0.6179212629279807,0.6705836079296411
0.5592807465212628,0.2674902470741223,0.6903276004064873,0.6738850195717,0.5367106221774836,0.6161290322580646,0.48997214484679663,0.5892375237186723,0.6613318642324885
0.502441731998718,0.31222366710013005,0.6971094629855383,0.7004854691127903,0.5060285598028381,0.564516129032258,0.3373259052924791,0.3877973189195436,0.5829718384952437
0.3821255473637212,0.6617685305591678,0.25920565779062044,0.5125586233844626,0.37579436304375347,0.3709677419354839,0.4743732590529247,0.5128233836823547,0.40072098912200416
0.6789280342037252,0.29765929778933686,0.8155921190194539,0.6082501459287126,0.6629103959029135,0.6161290322580646,0.492200557103064,0.5292344229881579,0.7710052414316539
0.45345208625774724,0.24772431729518862,0.9,0.7282315407699186,0.4704897019300419,0.4741935483870968,0.3863509749303621,0.38189000341138424,0.6019363368379322
0.6068375915342987,0.44018205461638493,0.8567358999203833,0.5689375172478718,0.5868593991134456,0.4096774193548387,0.6905292479108633,0.666837420631785,0.7695946210975932
0.5757839610081029,0.3746423927178154,0.717877579095584,0.7180256257730238,0.5378275081375014,0.5516129032258065,0.3440111420612813,0.45192483248975157,0.6346089212502282
0.7581222386662194,0.3725617685305592,0.7918843493139077,0.6127217775900965,0.668462118935571,0.5387096774193548,0.3685236768802228,0.35439022694077826,0.8058588238144725
0.4793782793999468,0.32782834850455134,0.9,0.6616328867689517,0.5254970910273569,0.19032258064516128,0.3384401114206128,0.15329091716329105,0.4848767638468642
0.45502996453085687,0.6721716514954488,0.8236558154008363,0.6048178121293802,0.4249368831292978,0.22903225806451616,0.36295264623955437,0.2995856772792665,0.46463590677695044
0.6016699984658321,0.32054616384915474,0.22165272716660814,0.6641002672609572,0.5471192398020742,0.6290322580645162,0.7272980501392757,0.7817018819863588,0.6966420442260789
0.6925183952846892,0.4027308192457738,0.32864719036996193,0.6451187771868052,0.648472761823018,0.6161290322580646,0.49888579387186616,0.5869600554169819,0.7569867604657076
0.4903133061331434,0.18738621586475945,0.8824337477966816,0.48844240752659496,0.45652412172919676,0.6161290322580646,0.4242339832869081,0.45747540578487056,0.635445922933983
0.5469332795427132,0.4443433029908973,0.8737817103835568,0.7088537613862526,0.5035380066712687,0.2806451612903226,0.36629526462395534,0.31571649431035786,0.6007397938565849
0.6249597086400236,0.47971391417425235,0.8318012929395214,0.8281883142255705,0.618903021055993,0.5903225806451613,0.3919220055710305,0.44019215732461636,0.6489523887893405
0.5871702016665589,0.4485045513654097,0.8911729147046666,0.5636266710767152,0.6031368865032242,0.3709677419354839,0.3908077994428969,0.35070991535341955,0.6326573860825918
0.4754277618593946,0.4443433029908973,0.717877579095584,0.534268481474081,0.4808745429335063,0.35806451612903223,0.4364902506963787,0.25805100508617296,0.5336892328446043
0.7554501740655883,0.39336801040312097,0.7688863349426808,0.6594093046766846,0.7314208129969446,0.564516129032258,0.5423398328690807,0.596327245059114,0.7956292168921365
0.48040232388490167,0.3184655396618986,0.8911729147046666,0.6028807026678716,0.38922865520547345,0.44838709677419364,0.432033426183844,0.47252647227715083,0.6517521180074864
0.6394386942641078,0.23107932379713916,0.7249433096749649,0.5911900224426015,0.6262697335356326,0.4096774193548387,0.35181058495821727,0.35648093740083675,0.7193827686943822
0.8294130313579412,0.40481144343303,0.6769712670967921,0.6926093015922788,0.7864405772940612,0.6290322580645162,0.432033426183844,0.4683917086617675,0.8562034792989662
0.5431040359242345,0.2789336801040312,0.7841404396562187,0.6641002672609572,0.4949372634283544,0.19032258064516128,0.33955431754874654,0.1831379112872296,0.5134227952751297
0.3081305724553059,0.15721716514954487,0.6638872238697545,0.5503749558954445,0.31530059622655116,0.7193548387096774,0.677158774373259,0.7265192997928904,0.528940111622292
0.2811938544038912,0.4973992197659298,0.9,0.25186086200992475,0.22684671204985885,0.3451612903225806,0.47994428969359326,0.5036350927688384,0.40740832981018005
0.698669607449328,0.4297789336801041,0.5795127066006124,0.8212867590085268,0.6738909370461812,0.24193548387096778,0.31949860724233986,0.23321194367667145,0.6232693268121597
0.7356536745761372,0.42353706111833556,0.8567358999203833,0.6202758194712998,0.7628864156690154,0.4741935483870968,0.48662952646239543,0.5440478662488586,0.7619521119310332
0.663994157750666,0.2654096228868661,0.8737817103835568,0.6040456048786067,0.6243785397175234,0.6290322580645162,0.3919220055710305,0.5397583105673555,0.7854297880100541
0.4058923954775504,0.37152145643693113,0.8911729147046666,0.6886484716659735,0.4008940181622992,0.6290322580645162,0.5022284122562674,0.5611845435453172,0.5965906281762692
0.48165393516325306,0.8854356306892067,0.4565180559583081,0.5843798415892124,0.5175002468005914,0.24193548387096778,0.36963788300835654,0.28832981010998815,0.2756697175199279
0.5470793746959955,0.217555266579974,0.8318012929395214,0.7758718377448467,0.5513921403200883,0.1129032258064516,0.31058495821727017,0.12319141055169976,0.519385225676077
0.5480093990900813,0.3496749024707413,0.8737817103835568,0.5289442451490344,0.5634005157431695,0.5387096774193548,0.35181058495821727,0.3427293567798073,0.661661949251536
0.6290496824510028,0.6315994798439531,0.4651981020163789,0.853391667682419,0.6161161732275702,0.2032258064516129,0.30167130919220053,0.15171026027908693,0.4643709996158406
0.645304543369748,0.5306892067620287,0.8318012929395214,0.7261629395486093,0.6452016552201224,0.2806451612903226,0.37743732590529244,0.32191133148433504,0.6191210775529172
0.5755146198558888,0.4141742522756827,0.848340580401936,0.723493382144862,0.5531680732701926,0.5903225806451613,0.3986072423398328,0.476626692768767,0.6787804878888718
0.4101025966070997,0.2654096228868661,0.8400292973542522,0.6962549945444585,0.4334818162796553,0.24193548387096778,0.40083565459610027,0.32692231301157404,0.5115334599801252
0.5699126127955333,0.42457737321196365,0.8236558154008363,0.696029406261456,0.5458943907712975,0.3451612903225806,0.3440111420612813,0.2496941352106954,0.5583761282868336
0.3993699878975412,0.30494148244473346,0.9,0.5203171189995264,0.35565364543437794,0.7193548387096774,0.1200557103064067,0.8035757252009325,0.6166724157155985
0.7935499838518137,0.5286085825747725,0.848340580401936,0.8024008486127295,0.7466667345623947,0.24193548387096778,0.3462395543175487,0.25485364173674513,0.6728614763014212
0.6001040894021565,0.5442132639791938,0.7841404396562187,0.863922440471767,0.5650559379198511,0.2032258064516129,0.3462395543175487,0.16652485162036113,0.48815896623985267
0.4326583878576242,0.5046814044213264,0.9,0.4914629733044036,0.4540488288063431,0.42258064516129035,0.5969359331476323,0.6362511592737481,0.603970327299243
0.36621627373282506,0.3777633289986997,0.7539391425690579,0.48844240752659496,0.4047820819370913,0.3838709677419355,0.4888579387186629,0.5892375237186723,0.4658045838867967
0.5177588553960373,0.3590377113133941,0.1505657026530272,0.6401807831800378,0.5107654820703414,0.5903225806451613,0.5545961002785514,0.6720748066018328,0.5963157763155533
0.4082080212704975,0.5036410923276983,0.40444384414343515,0.6040456048786067,0.4259580908847578,0.48709677419354847,0.413091922005571,0.41260460491333073,0.48006315477786743
0.6016572615964473,0.4131339401820546,0.7764746716567719,0.6627339067895276,0.6075095112095067,0.6290322580645162,0.48997214484679663,0.5591180413835869,0.6986339471690957
0.4578482665100738,0.46723016905071535,0.7918843493139077,0.5498441389472949,0.46643696774482957,0.4096774193548387,0.5233983286908077,0.5611845435453172,0.5841927386145478
0.6641312611553717,0.27581274382314697,0.10243898389864729,0.5790877117637213,0.6206758849583769,0.8741935483870967,0.6972144846796657,0.7893179842029668,0.7162881525613773
0.5580968774190839,0.30702210663198964,0.18441391023357642,0.45763233818351645,0.5003543623744267,0.7322580645161291,0.4844011142061281,0.5840162666215394,0.637087839756817
0.439639534262685,0.2778933680104031,0.9,0.6216775317560264,0.41820441755433,0.4096774193548387,0.7250696378830083,0.7233187286320754,0.6591138960177431
0.5761893608345477,0.39752925877763334,0.40819400910899206,0.5405580798177849,0.5351107408268239,0.4741935483870968,0.4064066852367688,0.4557742133075323,0.6267369737136496
0.3544294543100498,0.4568270481144344,0.7249433096749649,0.13357008925158986,0.38964934963906284,0.5000000000000001,0.5545961002785514,0.5803941576477466,0.46152117363236556
0.7231673740296757,0.49219765929778936,0.8737817103835568,0.6275096122315588,0.7524184537179022,0.5129032258064518,0.3763231197771587,0.3432654502665569,0.7033854131339216
0.6165348495098395,0.6045513654096231,0.5114968331878205,0.8612857656225272,0.5650559379198511,0.2032258064516129,0.3005571030640668,0.15171026027908693,0.4621770590976765
0.4924200223951106,0.39336801040312097,0.7465788947319049,0.5377278738045453,0.5214166713126067,0.42258064516129035,0.5423398328690807,0.5882627596677233,0.6457435789368337
0.80822118259238,0.3621586475942783,0.717877579095584,0.702887597862146,0.7066803002119023,0.603225806451613,0.37743732590529244,0.5105423871444222,0.8506146971039532
0.45573744805994953,0.7491547464239272,0.5965725377145007,0.5051228625889901,0.4082069091494521,0.17741935483870966,0.38189415041782726,0.20986911038677822,0.3781726617343354
0.3489972458374436,0.41105331599479855,0.9,0.6005267686410167,0.35735566745588754,0.603225806451613,0.7451253481894149,0.7200971487750206,0.5793731165402666
0.3629091127984072,0.3039011703511054,0.1459540965757369,0.3716686004120425,0.3643237492157211,0.7322580645161291,0.5022284122562674,0.6464672723133922,0.5429586633502418
0.4621793415133859,0.8115734720416125,0.7918843493139077,0.7532250338872781,0.5047522608814813,0.19032258064516128,0.33955431754874654,0.20986911038677822,0.3253002408994222
0.6608919582486904,0.6232769830949285,0.6385160649008608,0.6784496827815248,0.6684077613327524,0.2161290322580645,0.3562674094707521,0.20492226538523844,0.5697806937238525
0.5925120961251688,0.49635890767230173,0.7320816575591124,0.6926093015922788,0.5902505586316152,0.3451612903225806,0.4052924791086351,0.29664854380779193,0.6213254209273518
0.5942407147199722,0.4006501950585176,0.8652160198713025,0.5646046537602845,0.511382653637856,0.44838709677419364,0.450974930362117,0.48712967135362684,0.6738239734364682
0.3746869879790017,0.4131339401820546,0.7613747248872087,0.7387424371820724,0.3819128413421644,0.24193548387096778,0.394150417827298,0.3059861579369663,0.4474419170086088
0.7528236886974446,0.5868660598179455,0.7997071167898354,0.7637134814791536,0.758734694520037,0.2548387096774193,0.383008356545961,0.3128746013767747,0.7050783122948977
0.5686065655570672,0.20403120936280883,0.717877579095584,0.6519758091812531,0.5576066623937664,0.5516129032258065,0.47214484679665736,0.5863074043389956,0.7373934190825758
0.5461259463489075,0.38400520156046813,0.8911729147046666,0.6379746535127852,0.5451103221479262,0.19032258064516128,0.34066852367688016,0.1556523982467936,0.49942220668037696
0.49168893839784744,0.2903771131339402,0.7997071167898354,0.5265235306434397,0.41844106418984106,0.8096774193548388,0.7005571030640668,0.9,0.7476374381018832
0.5769681754889419,0.31534460338101433,0.33747358096965896,0.5790877117637213,0.5470637558465589,0.603225806451613,0.45208913649025073,0.5169778747620214,0.663428110631343
0.7605693354352272,0.35591677503250985,0.20594266546241952,0.5754661963148481,0.7284488696946692,0.7064516129032258,0.5378830083565459,0.7140934832297352,0.8070155831111806
0.5814720071464,0.2924577373211964,0.848340580401936,0.7548319903110088,0.6109360330642606,0.24193548387096778,0.35849582172701944,0.2291724678833087,0.617422723734099
0.7117916950859506,0.3912873862158648,0.4356181552423478,0.719409075826064,0.7102030405610033,0.17741935483870966,0.333983286908078,0.16111873123492215,0.6027236921564799
0.4633091088018535,0.32574772431729515,0.9,0.30620738320814345,0.4364855891894982,0.39677419354838717,0.38857938718662954,0.39604614398702886,0.5663129449733741
0.6270304041527905,0.5431729518855657,0.7997071167898354,0.7315633550586637,0.5674846334695992,0.24193548387096778,0.35515320334261835,0.2792575825108668,0.6012488653772006
0.6554487730527344,0.5078023407022106,0.8400292973542522,0.6478348691795833,0.610745351671429,0.33225806451612905,0.375208913649025,0.3400400703890745,0.627060301118745
0.43192832596511466,0.2778933680104031,0.12563341030817848,0.5271319359624834,0.4021999430164971,0.7193548387096774,0.9,0.860729916839958,0.5473272622197919
0.5387039035033198,0.31430429128738624,0.8652160198713025,0.7417044081056602,0.456050894092334,0.1645161290322581,0.284958217270195,0.1164333893070829,0.5039195961849096
0.49910106117358777,0.5733420026007803,0.9,0.5171271660998797,0.554448108777378,0.39677419354838717,0.3919220055710305,0.4322115987510041,0.5047177298726918
0.6335848887316616,0.43914174252275695,0.7688863349426808,0.6948969700474406,0.5975390001830254,0.31935483870967746,0.36629526462395534,0.28411696417164495,0.6223433962926762
0.6054773785534933,0.3444733420026008,0.8737817103835568,0.5949046010160036,0.5898627051567565,0.6419354838709678,0.5445682451253482,0.6252149234236055,0.7432921477070645
0.5966655534835116,0.510923276983095,0.8155921190194539,0.618507332026289,0.6371300268456304,0.33225806451612905,0.37743732590529244,0.3438009588175801,0.5551331638685433
0.5544390673834092,0.36944083224967494,0.9,0.5530045535498117,0.5654050256099096,0.3709677419354839,0.3919220055710305,0.4322115987510041,0.6444108320161813
0.8640810605541785,0.3507152145643694,0.1687282079095318,0.5899336424522008,0.7753176373665164,0.6935483870967741,0.4710306406685236,0.6197548648302795,0.8848153594022727
0.5337367361693995,0.1967490247074122,0.3315565217604351,0.6914538637916753,0.54505417865058,0.5774193548387098,0.3529247910863509,0.42862259893081944,0.6299627114955431
0.47468164521984146,0.2706111833550065,0.6141750507478558,0.7551515737587876,0.4973331544863494,0.2548387096774193,0.3919220055710305,0.28892870406877,0.5466780194026827
0.7050129446971355,0.3517555266579975,0.2183597105892452,0.6937569690731832,0.6810297396781717,0.6161290322580646,0.5947075208913648,0.6775281242432915,0.7565944991654185
0.6225457865075941,0.31222366710013005,0.8076094640723182,0.5550794424674997,0.5362972814421748,0.6935483870967741,0.4554317548746517,0.5277649801589681,0.745794533674767
0.4570663443451811,0.4724317295188557,0.8400292973542522,0.7324774306839383,0.4359530783246479,0.13870967741935486,0.27158774373259054,0.10698650286263367,0.3977501600497866
0.5020544142045454,0.54629388816645,0.8236558154008363,0.6743982756314806,0.4718770065577662,0.2548387096774193,0.3863509749303621,0.3071409667952128,0.5021310547722883
0.5422346572246777,0.3611183355006503,0.34048197212180786,0.5444431340311925,0.5396341911118839,0.7322580645161291,0.4108635097493035,0.5642680733007472,0.6310955705949363
0.5686124602336322,0.8469440832249676,0.7320816575591124,0.6766890148747061,0.5547666176063916,0.2548387096774193,0.3796657381615599,0.31230424275555824,0.45402421966089546
0.6593641502524334,0.41105331599479855,0.7320816575591124,0.4822359958826816,0.649660620237137,0.42258064516129035,0.49777158774373254,0.5375993912284321,0.7260964495266721
0.37060380729533304,0.21443433029908976,0.8567358999203833,0.5177699446798892,0.3935264363855224,0.19032258064516128,0.32506963788300836,0.18462067234954144,0.4931793931873647
0.2621110936624744,0.217555266579974,0.9,0.39947917192155413,0.2461421144857442,0.24193548387096778,0.40752089136490255,0.30944246474455306,0.4145013972756244
0.1,0.1,0.9,0.6914538637916753,0.1,0.603225806451613,0.4242339832869081,0.43131680627285107,0.32883348535603774
0.49782364493746634,0.8032509752925878,0.9,0.7730203510006639,0.5063813936712388,0.24193548387096778,0.3362116991643454,0.24119250225028369,0.4319849754799071
0.3633624226804081,0.2737321196358908,0.9,0.5957191968883934,0.41057627717291023,0.39677419354838717,0.7350974930362115,0.7492952477070187,0.6037001485092353
0.6581308131568504,0.3652795838751626,0.7539391425690579,0.5839450451470344,0.6335642063246184,0.6806451612903227,0.42646239554317544,0.4827135033807505,0.7746742660681396
0.9,0.3881664499349805,0.22332867156258718,0.6367010840854336,0.7933451732086095,0.5516129032258065,0.450974930362117,0.5598078426753837,0.9
0.4846691042693452,0.45474642392717823,0.9,0.674141840555069,0.4173735509368365,0.2935483870967742,0.45320334261838435,0.32692231301157404,0.5856174854686486
0.4139524391909727,0.3590377113133941,0.4923826508137247,0.6017077941935598,0.43552586558691475,0.4096774193548387,0.5323119777158773,0.6279223417786841,0.5313176151542321
0.4826413776988908,0.3621586475942783,0.8318012929395214,0.6551603504809169,0.459429096212167,0.2032258064516129,0.3005571030640668,0.12819955133715114,0.47244375773651914
0.669370268007932,0.39336801040312097,0.8567358999203833,0.5336850364229181,0.5947113293768808,0.6548387096774194,0.6381615598885793,0.6842606514654315,0.7956164993958185
0.4717949009942116,0.23107932379713916,0.7039613131591088,0.5365825170809002,0.45905703790141816,0.603225806451613,0.6949860724233983,0.7218344728486737,0.6832931729265252
0.770605471326689,0.5036410923276983,0.8652160198713025,0.653140711391988,0.7892949069724939,0.4741935483870968,0.37075208913649016,0.32581317459982506,0.7205150959581034
0.7088013864362094,0.4838751625487646,0.5365592514994141,0.5399957810842286,0.6567933226724162,0.33225806451612905,0.4052924791086351,0.4393118099346378,0.7071205120867574
0.5166887097336427,0.49531859557867364,0.9,0.5684614848297541,0.5550315866177326,0.4096774193548387,0.48774373259052917,0.5615281162148058,0.5908363152363088
0.4698652984280428,0.7730819245773733,0.5469610473540057,0.6324950936715568,0.45980034216787935,0.17741935483870966,0.35849582172701944,0.20775513638631682,0.3585476811300501
0.47053862970159865,0.31534460338101433,0.8318012929395214,0.6764360014684782,0.43075428618226874,0.17741935483870966,0.30278551532033426,0.11387494630244205,0.4735009679393237
0.4134585523000941,0.20091027308192458,0.848340580401936,0.44825319177155976,0.42125542770078417,0.564516129032258,0.43091922005571026,0.4445703624363554,0.5659009405790828
0.6964758695747781,0.4433029908972693,0.7764746716567719,0.5455370961826315,0.7039674542002379,0.39677419354838717,0.45766016713091917,0.495451763603008,0.7402307960864499
0.6600846079757151,0.2612483745123537,0.21999647634813124,0.642975964139991,0.6385615977836383,0.564516129032258,0.39303621169916425,0.4827135033807505,0.7252359069637161
0.6043014076611481,0.40793237971391416,0.8400292973542522,0.7873535334126158,0.5568748973164372,0.5903225806451613,0.3952646239554317,0.4778501089527105,0.6459466506681355
0.6422782401835763,0.5026007802340703,0.8737817103835568,0.6884125939349302,0.5947113293768808,0.33225806451612905,0.43091922005571026,0.364242726027979,0.7296872531996618
0.5251382634292755,0.2206762028608583,0.7539391425690579,0.6067331802849301,0.49440863139641766,0.7193548387096774,0.6403899721448467,0.6855961449107503,0.6519478068290866
0.4332928799448038,0.24252275682704816,0.9,0.41655916587531794,0.4280940403110446,0.564516129032258,0.375208913649025,0.2749657940527991,0.4909315072125361
0.24920694838976434,0.31014304291287387,0.9,0.260766752768271,0.22464326116781433,0.44838709677419364,0.40083565459610027,0.4549214006892698,0.4599996475621321
0.5554114179760178,0.3267880364109233,0.7320816575591124,0.6213281815598399,0.5760263400272682,0.44838709677419364,0.3952646239554317,0.3955647378294307,0.6295317051202303
0.47523430258221755,0.6149544863459038,0.9,0.5790877117637213,0.5203161459160716,0.31935483870967746,0.364066852367688,0.29723737835751407,0.5174766851680371
0.6267130651933723,0.36840052015604685,0.8318012929395214,0.7632573809549055,0.6197736723981022,0.5129032258064518,0.3919220055710305,0.4859291973633698,0.7031067883516453
0.541148888116747,0.5754226267880366,0.7764746716567719,0.808464553750653,0.5448856368424617,0.1645161290322581,0.2938718662952646,0.13233431495253456,0.3973955359976361
0.5505023905613323,0.3600780234070221,0.8911729147046666,0.54877752602998,0.5273142768607342,0.6548387096774194,0.5133704735376045,0.6252149234236055,0.7182591979309598
0.4878466531224389,0.3080624187256177,0.8155921190194539,0.6565884551431338,0.4887173434461428,0.13870967741935486,0.31949860724233986,0.13479855546828143,0.5005261029247133
0.4830281455906772,0.31430429128738624,0.9,0.53073751045416,0.49940221793403916,0.6419354838709678,0.5757660167130918,0.6869280142174348,0.6410367136546157
0.45618836333432133,0.30494148244473346,0.9,0.3230761673438075,0.4079555704781609,0.7322580645161291,0.5289693593314763,0.6380176646180826,0.6697313283689745
0.5475454602857502,0.2903771131339402,0.20594266546241952,0.5530045535498117,0.5429068712658816,0.7709677419354839,0.59025069637883,0.8301115680353848,0.6734970251439766
0.6060521262853775,0.35383615084525366,0.10802341124520753,0.6334749481025937,0.5752288437762262,0.7193548387096774,0.7339832869080779,0.7670103662144883,0.6636729214734245
0.7846603307887897,0.8261378413524058,0.7764746716567719,0.6814263427443696,0.7399122135851149,0.24193548387096778,0.35961002785515317,0.28108549351885154,0.6232887858644827
0.5812642725313454,0.20507152145643692,0.5795127066006124,0.6926093015922788,0.5308303619097703,0.6935483870967741,0.3573816155988858,0.43131680627285107,0.6970036959200578
0.5017686685213557,0.22483745123537063,0.5114968331878205,0.6116148060683276,0.49508799976816287,0.5774193548387098,0.5289693593314763,0.5764120381282832,0.675778617990451
0.5651403814670155,0.2633289986996099,0.4356181552423478,0.646633050753272,0.532712526454737,0.42258064516129035,0.41197771587743726,0.31797821968768925,0.6566137332337896
0.3641283981266671,0.2279583875162549,0.7613747248872087,0.4530071902978001,0.3204275348005372,0.7064516129032258,0.4554317548746517,0.5214702954947784,0.522802070915866
0.8109194220479342,0.3871261378413524,0.6510704645391263,0.681180261214721,0.8257368528082248,0.44838709677419364,0.4598885793871865,0.4879283591431026,0.8150854181738193
0.7401778384242474,0.36631989596879067,0.6447607743510586,0.6610797014831487,0.7208933146922043,0.5903225806451613,0.4164345403899721,0.47744264231384614,0.7745483225697836
0.347843089310099,0.3860858257477243,0.6447607743510586,0.6013150264454106,0.33397248160481385,0.24193548387096778,0.39972144846796653,0.30944246474455306,0.5106380678097564
0.6653072238923513,0.2778933680104031,0.8737817103835568,0.7269180625117925,0.698385565497442,0.5903225806451613,0.46880222841225627,0.5310650612102318,0.7634352309464377
0.5766965468097592,0.36840052015604685,0.8400292973542522,0.5944958403146134,0.505957905083281,0.2032258064516129,0.37409470752089136,0.19487643288660456,0.5605829772110501
0.5216759380297064,0.8136540962288688,0.8155921190194539,0.5679841208506909,0.5091780123113993,0.2935483870967742,0.40417827298050135,0.3708717265423942,0.42402772444589354
0.3533362239004276,0.3600780234070221,0.9,0.4936938222114322,0.3302397135260877,0.44838709677419364,0.41977715877437316,0.47376013913111437,0.5419356416913284
0.4417800271349611,0.8386215864759429,0.5213628524068291,0.7721555306807993,0.45395290181921877,0.1129032258064516,0.32061281337047354,0.201358026493906,0.28736037227394895
0.5851847929646806,0.4183355006501951,0.5522447601827607,0.8232260697781374,0.5405015484433591,0.24193548387096778,0.3172701949860724,0.22441733758177523,0.49238386736451656
0.4467626312458287,0.36944083224967494,0.8737817103835568,0.5151841753442586,0.4376512755139099,0.2548387096774193,0.3685236768802228,0.3077173538706448,0.5123105529447115
0.46154996589924735,0.4765929778933681,0.8652160198713025,0.8986281476670043,0.43754563364647425,0.13870967741935486,0.11337047353760447,0.14773620181848632,0.4405041077303805
0.40526778665444896,0.3507152145643694,0.8824337477966816,0.9,0.4051660427630359,0.2806451612903226,0.3384401114206128,0.2954687510802478,0.4399437180909397
0.6213761432177481,0.4141742522756827,0.8652160198713025,0.579981208627988,0.5912805299597975,0.3064516129032258,0.43426183844011135,0.3833735114577359,0.6968586056404176
0.380154195444374,0.3860858257477243,0.8652160198713025,0.7857598330096678,0.35769403688132484,0.22903225806451616,0.35515320334261835,0.14853359198303756,0.38426286519864683
0.5834854499473361,0.4713914174252277,0.8911729147046666,0.5354294214017858,0.5580754252030086,0.42258064516129035,0.5534818941504177,0.6030004875910427,0.7022571949224325
0.6787840098544807,0.23003901170351107,0.38629522890866985,0.5621491076368036,0.6465671207676189,0.5774193548387098,0.4710306406685236,0.5188547165839087,0.7788848738882159
0.589347789705715,0.4734720416124839,0.7918843493139077,0.558650880965236,0.5646561009803538,0.3838709677419355,0.4654596100278551,0.5292344229881579,0.6609069726899487
0.47406567839358205,0.3215864759427829,0.9,0.5365825170809002,0.5011558793426301,0.6806451612903227,0.5557103064066852,0.5827022269120261,0.6764102576199729
0.5619481922014548,0.5078023407022106,0.4608347708350069,0.7638652445049322,0.5595771516772058,0.24193548387096778,0.3116991643454039,0.21127338470194612,0.4208590451323627
0.4693454858066315,0.3163849154746424,0.8737817103835568,0.6806870310701115,0.46228527173531075,0.19032258064516128,0.30167130919220053,0.12570186890681492,0.46981443888968166
0.7078516478783523,0.46514954486345916,0.8652160198713025,0.7300905734369095,0.6550380017130699,0.2548387096774193,0.34846796657381607,0.29131699850581283,0.6770423418788498
0.48449261945904354,0.2726918075422627,0.8911729147046666,0.3607552702246999,0.4505608997272238,0.564516129032258,0.375208913649025,0.33188264927721645,0.5674855123197375
0.645400845637605,0.2508452535760729,0.4651981020163789,0.6821624654295328,0.6161531404154901,0.6935483870967741,0.5467966573816155,0.6629422133736289,0.7665705815863155
0.7164877184797276,0.3725617685305592,0.6323357332796202,0.6632817644389846,0.7062891753821783,0.5774193548387098,0.4275766016713092,0.48552838595822556,0.7535418805946101
0.7450887662066691,0.3163849154746424,0.8737817103835568,0.6801923712709103,0.6992266837935374,0.6290322580645162,0.5501392757660167,0.5921502535634445,0.8579311114116176
0.4941631487170163,0.5358907672301692,0.8155921190194539,0.5535256455920556,0.5260631264017859,0.33225806451612905,0.3919220055710305,0.3703649701335924,0.4695856204972778
0.6613765659721123,0.44018205461638493,0.8652160198713025,0.727669858931315,0.618903021055993,0.5258064516129033,0.3529247910863509,0.4227339117687775,0.7171899780857766
0.6560691268426544,0.36736020806241876,0.2470066184036278,0.6630080554609192,0.6014929039314587,0.6548387096774194,0.5947075208913648,0.6660053319244414,0.7452021580339282
0.6907737997309982,0.3631989596879064,0.6703955240449341,0.6560186465628803,0.6665217022816489,0.4741935483870968,0.4632311977715877,0.49819472864152037,0.7512765084924461
0.5358641174523111,0.3007802340702211,0.40819400910899206,0.5722330750464585,0.5319257667159859,0.7838709677419355,0.5155988857938718,0.761328506758273,0.7022774873550799
0.5198560659153533,0.2622886866059818,0.4923826508137247,0.5928509359053805,0.41749249503414443,0.9,0.6370473537604455,0.8273218286782432,0.7545364830661091
0.46923487680651255,0.4006501950585176,0.8737817103835568,0.6234136353473251,0.4730816816994948,0.6161290322580646,0.5323119777158773,0.581714383160242,0.5813498612784517
