3.255494421131457,0.471,-0.03354871435054177,-1.0867160982395816,2.182699903336043,0.43,38.8,3.0453229787866576,2.2625116019587113
1.4969296480732148,0.514,-0.001980119521341321,-1.3187587626244128,1.1516762308470476,0.4,35.2,2.9647309210536292,0.9814108401658882
2.1142772965615864,0.653,-0.013924137670431295,-0.8353497840657033,1.4807253789884878,0.28,27.5,2.7752462597402365,0.5814945422908993
2.5370126991458206,0.461,-0.05908104100856475,-1.58838029403677,1.6302244107524322,0.41,38.5,3.0681858617461617,1.9067174405030252
2.8518451671602136,0.458,-0.004876856380596095,-0.9473060580750321,1.788239097382168,0.57,36.4,3.061829307294699,2.3028696737795995
1.8276922886744456,0.36,-0.03221902743680565,-0.971022294791222,1.3592661646067485,0.35,36.3,2.9138138523837167,1.298907632591162
2.9302611507543683,0.616,-0.028771314875237673,-0.7862167006646958,1.7283537820212285,0.34,29.2,2.841359470454855,1.5824951688635096
1.8479426388452236,0.415,0.0,-1.2090115249111841,1.4312028845565166,0.3,31.5,2.7937903846908188,1.0019067472800784
1.8636796678758978,0.402,0.0,-1.5421181032660076,1.3645509953539718,0.65,52.8,3.265996370495079,1.7523711662617745
2.820805503551437,0.438,-0.07683649465877583,-1.1272611725273312,1.8284665473526784,0.63,54.5,3.2576785748691846,2.3077120617278633
3.3369317974628796,0.318,-0.03221902743680565,-1.2975694635544748,1.9744656357372425,0.51,35.6,3.0068937079479006,2.9447698037892227
2.3108419451642956,0.41,-0.03919999161123094,-0.9767475403662885,1.5058280338548362,0.3,33.8,2.8221680793680175,1.1841233826620838
2.2643218777630056,0.86,-0.026615325331903857,-1.2700257143004443,1.582404298019028,0.36,37.0,2.9740509027928774,0.9122220565324155
1.6128897692874846,0.315,-0.001980119521341321,-1.6020599913279623,1.08278537031645,0.62,38.1,3.052693941924968,1.4758454521461633
1.6858312746260635,0.696,-0.0058232014446408294,-1.6038006529042637,1.0937717814987298,0.38,38.4,2.9656719712201065,1.1132077698227352
3.0037792424351126,0.431,-0.048012482793757714,-1.3400837999301498,1.9698350930757975,0.55,44.2,3.1357685145678222,2.3482795446946376
1.6492374723496073,0.333,0.0,-1.832682665251824,1.182414652434554,0.59,34.8,2.9014583213961123,1.0310042813635367
0.8756399370041684,0.47,0.0,-2.638272163982407,0.7604224834232121,0.44,39.2,3.0927206446840994,0.7770278713152056
2.118958777766434,0.576,-0.03919999161123094,-1.4353339357479107,1.3111178426625056,0.54,39.2,2.9995654882259823,1.7163039050168696
2.1677307517064803,0.455,-0.0058232014446408294,-1.337242168318426,1.5010592622177514,0.61,35.5,3.074084689028244,1.9188896828222703
3.6364708451960257,0.541,-0.023634888462045554,-0.9767475403662885,2.3473104960251923,0.38,34.4,2.959994838328416,2.5276543856266893
2.441805069695703,0.514,-0.010414532460317861,-1.0974532206860086,1.5922878159521308,0.64,31.3,3.058426024457005,1.942454526342477
1.9388698215129867,0.449,-0.04999058675665973,-1.1197582241045196,1.4060289449636152,0.61,50.2,3.2641091563058082,1.8560700028031816
2.292521884574141,0.456,-0.01306002979550787,-1.4034029043735399,1.5669086552268034,0.46,38.4,2.9429995933660407,1.636126669925523
1.6427612032653205,0.423,-0.0009950149700419621,-1.5030703519267852,1.209783014848515,0.71,48.0,3.2619761913978125,1.622255481081157
2.0482863931061255,0.462,0.0,-1.6363880201078558,1.4834446480985353,0.51,41.3,3.0784568180532927,1.4759761041397657
1.9026554752179259,0.499,-0.07569606875548962,-1.2062096153091812,1.3560258571931227,0.49,65.2,3.353723937588949,1.658393026279124
2.667125941485989,0.478,-0.004876856380596095,-1.5346171485515816,1.6079908585471747,0.66,58.4,3.263636068588108,2.4952417245284915
1.4201208480857028,0.471,-0.003920952362836466,-0.893129455521346,1.0025979807199086,0.33,33.0,2.7895807121644256,0.5183823155453439
2.707178282743617,0.565,-0.003920952362836466,-1.442492798094342,1.8372095278012064,0.56,35.7,2.9854264740830017,1.9905097857420824
1.665393350279712,0.467,-0.001980119521341321,-1.2716462179787715,1.146128035678238,0.58,47.3,3.1760912590556813,1.798308750835966
2.5599185889066356,0.439,-0.08420323294978113,-1.114638779968488,1.617734035364018,0.63,61.8,3.314709692955174,1.9910354760913418
3.0497954054587266,0.458,-0.012187113563450308,-1.3334820194451191,1.7963661549775214,0.57,34.2,2.971739590887778,2.54446369247437
2.4371478385604575,0.333,-0.00951470415829851,-0.9400581119380453,1.6499187187354192,0.42,33.2,2.842609239610562,1.731906916379991
1.3346547668832414,0.379,-0.001980119521341321,-1.1965428843515862,0.8887409606828927,0.45,47.7,3.2116544005531824,1.1137428457180027
2.726148307266849,0.62,-0.0067600736709773675,-1.3279021420642825,1.741387992479269,0.42,33.6,2.9169800473203824,1.7573428776145934
1.646501750031612,0.585,0.0,-1.6420651529995463,1.2487087356009179,0.48,54.7,3.2211533219547053,1.5742396790643123
1.8582965245338854,0.49,-0.0058232014446408294,-1.337242168318426,1.4542348957482656,0.46,41.1,3.0884904701823963,1.59414936579828
2.045244720478147,0.312,-0.016464408671544892,-1.348721986001856,1.3517963068970236,0.71,58.6,3.2648178230095364,1.8048070642606868
1.8577545220594422,0.951,-0.04999058675665973,-1.4056074496245732,1.4107772333772097,0.34,34.3,2.9132839017604186,-0.0034883278458213473
2.3431918849014073,0.485,-0.003920952362836466,-1.4559319556497243,1.3951515915045425,0.5,41.6,3.089198366805149,1.9099382754500265
1.8457799671118893,0.417,-0.030171901983646335,-1.2328441339178196,1.334453751150931,0.71,66.4,3.3630475945210936,2.007399972809994
2.0088130090520893,0.576,0.0,-1.4461169733561257,1.5066403055665025,0.47,44.9,3.1550322287909704,1.5111210065503737
1.826593053934048,0.41,-0.02131773325983918,-1.4621809049267258,1.3424226808222062,0.66,35.5,3.0770043267933502,1.4874212113594745
1.5725230978496376,0.591,0.0,-1.6252516539898962,1.1958996524092338,0.48,41.7,3.1058506743851435,0.7720281653248549
2.6775339559169087,0.684,-0.003920952362836466,-0.7272304134482405,1.7452309845281406,0.34,33.2,2.869818207979328,1.170980054420592
2.203957091681244,0.588,-0.04950399398226013,-0.9488474775526187,1.5182506513085,0.34,29.1,2.845098040014257,0.6942541120252784
1.470116353151004,0.625,-0.002955402580175449,-0.6855007720268484,1.052693941924968,0.26,28.5,2.7895807121644256,0.28318811645342373
2.493276766671117,0.707,-0.049012146481136366,-0.7210178831345568,1.6626634095740376,0.31,28.2,2.792391689498254,0.9033613362553186
1.884455496070488,0.396,-0.00951470415829851,-1.2218487496163564,1.3372595397502758,0.26,29.8,2.7774268223893115,1.0771134323037603
3.2632240626478604,0.507,-0.01811533175001856,-1.3160528692484879,2.1063609088067503,0.58,38.5,3.03342375548695,2.7453886824044855
2.563113084472038,0.403,-0.0067600736709773675,-1.2254830342714504,1.6469915374771225,0.61,38.2,3.0969100130080562,2.151873731729714
2.334815512506212,0.569,-0.029475236858385875,-1.1414628024303608,1.4712917110589385,0.38,37.6,2.9370161074648142,1.6983180735427401
2.3338098748552256,0.763,-0.02131773325983918,-1.3260580013659122,1.5402042998420598,0.35,35.6,2.942008053022313,1.182628608173459
1.9673139182870836,0.479,-0.00951470415829851,-1.158640529545145,1.330210784571528,0.33,32.4,2.8457180179666586,1.1326118504954543
2.6228251291960416,0.377,-0.025140453565743247,-1.0087739243075051,1.7646243978509815,0.3,31.7,2.803457115648414,1.5731037831639911
1.440121603187804,0.534,-0.022870417001178332,-0.7517814388099252,0.9903388547876014,0.31,27.6,2.783903579272735,0.006037954997317177
1.9236066430174592,0.965,-0.002955402580175449,-1.0074464821678644,1.230704313612569,0.3,30.9,2.824776462475546,0.010299914228239367
1.3789426986134374,0.306,-0.004876856380596095,-1.575118363368933,1.0941215958405615,0.3,30.3,2.821513528404773,1.0418070412524438
1.7151673578484579,0.414,-0.008605740627880332,-1.2798406965940432,1.1818435879447726,0.59,42.8,3.1934029030624176,1.7426505173443991
2.4437791389214203,0.425,-0.0067600736709773675,-1.0486624812040823,1.5265977091034522,0.52,36.9,3.031408464251624,1.9038059823532185
2.62708921305274,0.351,-0.07665199361703279,-1.2564902352715703,1.7199938263676038,0.59,36.4,3.085290578230065,2.1570107602372657
1.7429606702141525,0.746,-0.008605740627880332,-1.3535962737769305,1.17435059747938,0.33,33.7,2.9232440186302764,0.9046344117077061
2.340999022531442,0.357,-0.057506060591960416,-1.5361070110140926,1.595826777073223,0.53,42.3,3.0856472882968564,1.9714938692252493
1.2247919564926815,0.786,0.0,-1.8239087409443189,0.8481891169913987,0.36,38.2,2.951337518795918,0.07682242334277335
2.2470644689354513,0.622,-0.023634888462045554,-0.8972233851165586,1.4199557484897578,0.38,37.1,2.9242792860618816,1.4286530452620105
2.6445370577784075,0.365,-0.08990341930447593,-1.4190750243243806,1.6743098889414771,0.83,63.7,3.356599435724971,2.1140101617034617
1.4987239707479048,0.319,0.0,-1.2716462179787715,1.1931245983544616,0.6,43.1,3.133858125203335,1.447328613526517
2.1398476146463112,0.309,-0.007687558485308625,-0.9182927299026508,1.49734438101758,0.24,29.0,2.7671558660821804,1.1677455093217832
1.9052560487484513,0.713,-0.037989832797915984,-1.2034256667895702,1.249931756634195,0.28,34.8,2.840106094456758,0.511616033940273
1.9444826721501687,0.316,-0.04379321757445775,-1.3362990746103518,1.3535315590777621,0.6,48.6,3.168202746842631,1.919331792746403
1.932980821923198,0.651,0.0,-1.576754126063192,1.505149978319906,0.46,36.3,3.040602340114073,1.09725730969342
1.5658478186735176,0.445,-0.04594782432923697,-1.3615107430453628,1.2013971243204515,0.47,48.9,3.2137832993353044,1.2250894937929055
3.102810890916915,0.374,-0.03420323438536734,-1.1056839373155616,2.0886675525424043,0.4,36.2,2.9849771264154934,2.593232884848188
1.9041743682841634,0.478,-0.017294077416794017,-1.5243288116755704,1.4207806195485655,0.48,49.8,3.17868923977559,1.7749911461195642
2.154606539283623,0.446,-0.0009950149700419621,-1.496209316942819,1.4358443659844413,0.66,47.2,3.2113875529368587,2.123482497087094
1.8707549448901402,0.537,0.0,-1.1771783546968955,1.1550322287909702,0.38,41.8,2.9474337218870508,1.486040657496899
2.375169608851635,0.497,-0.013924137670431295,-1.2062096153091812,1.6406801532776651,0.64,45.1,3.1528995963937474,2.0291686065632804
2.849861468838134,0.694,-0.03354871435054177,-0.7872798455821576,1.703978825008386,0.29,28.2,2.7831886910752575,1.2212446864410764
1.9801397777457546,0.864,-0.008605740627880332,-0.6453154460452715,1.2846562827885157,0.23,28.4,2.797959643737196,0.42365542531942657
2.207930437512971,0.778,-0.022870417001178332,-1.0700704399154122,1.4189638307036225,0.31,29.6,2.8254261177678233,0.7938602013426697
1.2049335223541449,0.367,-0.001980119521341321,-1.2269453066357374,0.8530895298518656,0.48,48.6,3.226342087163631,1.0903462435056681
2.3928551693895352,0.477,-0.007687558485308625,-1.0083309926200514,1.7721749608246142,0.26,28.4,2.7573960287930244,1.063802308875193
2.511067457710023,0.429,-0.0067600736709773675,-1.490797477668897,1.5265977091034522,0.59,38.7,3.060320028688285,2.2787810292118555
1.106870544478654,0.237,0.0,-1.9030899869919435,0.8615344108590378,0.59,44.2,3.1652443261253107,1.1864477607749173
2.0032881588260754,0.726,-0.0009950149700419621,-1.5016894462103996,1.4800069429571505,0.34,34.6,2.921686475483602,1.0290589500844995
1.347720217034038,0.363,0.0,-1.3767507096020994,1.137670537236755,0.46,67.1,3.3211840273023143,1.572941269523877
2.000434077479319,0.768,-0.011305308246601213,-1.3027706572402824,1.2683439139510646,0.31,32.7,2.895422546039408,0.3471347829100199
2.3916407034923877,0.431,-0.002955402580175449,-1.3788237182249647,1.595606434865603,0.65,50.0,3.2113875529368587,2.2437843935224495
2.1698213288621364,0.548,-0.03919999161123094,-1.7695510786217261,1.5649026725292048,0.51,47.8,3.1383026981662816,1.6593884540816042
2.326335860928751,0.348,-0.01306002979550787,-1.1518108830086013,1.595606434865603,0.59,37.0,3.0870712059065353,1.8749628121509065
1.5852350633657752,0.448,-0.02052937397987774,-1.5199930570428493,1.2221960463017199,0.36,34.9,2.951823035315912,1.108920025956528
2.0305592452911556,0.858,-0.027341427923461684,-1.5361070110140926,1.5536403362313542,0.33,35.3,2.9143431571194407,0.557507201905658
2.110252917353403,0.591,-0.07719900041632623,-1.3467874862246563,1.4686426683915113,0.35,38.6,2.9943171526696366,1.2707021220878183
1.8309092995464433,0.527,-0.02052937397987774,-1.5331323796458904,1.3172273491764204,0.43,40.3,2.886490725172482,1.2364868763755912
1.2808059283936668,0.471,-0.028771314875237673,-1.3625102704874892,0.9420080530223133,0.34,37.0,2.931966114728173,1.125708925972653
1.6766021695820184,0.367,0.0,-1.3106911408763797,1.1571544399062814,0.47,66.2,3.298197867109815,1.8392454395672666
2.4858065739148305,0.715,-0.0058232014446408294,-0.7500682433658051,1.5449357658815026,0.24,28.3,2.747411807886423,0.9021661292710512
1.8523579836678272,0.406,-0.0009950149700419621,-1.3585258894959005,1.0831441431430522,0.5,39.9,3.076276255404218,1.8038666342849843
2.056942945672877,0.885,-0.022098056333179395,-1.2276782932770802,1.400537989391946,0.35,34.9,2.9661417327390325,0.666798683666174
3.1713314609184966,0.6,-0.0058232014446408294,-1.2090115249111841,2.0686681432858998,0.35,33.6,2.912753303671323,2.2151509233625233
2.091491094267951,0.389,-0.055437815192698414,-1.4365189146055892,1.4476230977602862,0.76,47.4,3.331832044436249,2.0466785204181286
1.7628285531890906,0.904,-0.02131773325983918,-1.4122890349810886,1.2284003587030048,0.34,40.0,2.9537596917332287,0.2725377773752374
2.3060388163363483,0.384,-0.05946408732439156,-1.4282911681913124,1.6329631681672612,0.63,40.0,3.1354506993455136,1.9078733590795214
2.8954777962757148,0.436,-0.08958100690516112,-1.260427655549908,1.8128465369670712,0.71,50.3,3.3059958827708047,2.0932079702086583
2.378525081544914,0.563,-0.0009950149700419621,-1.4710832997223453,1.4958217533859057,0.43,35.7,2.930949031167523,1.7825192044096738
2.9661558177370684,0.486,-0.010414532460317861,-1.114073660198569,1.8889653443003371,0.62,41.2,3.130333768495006,2.5012030624923582
2.2881373948820665,0.348,-0.0009950149700419621,-1.4294570601181025,1.4522465745204372,0.71,57.5,3.243286146083446,2.457533716326554
1.5361795321372254,0.353,0.0,-1.6736641390712486,1.0934216851622351,0.72,43.7,3.185258765296585,1.5770894890331864
2.8930623344655353,0.434,-0.023634888462045554,-1.3169529617611504,2.000130268805227,0.56,39.1,3.0273496077747564,2.5050122036875764
2.1029137027892206,0.825,-0.06568024478393644,-1.2055119533408303,1.5417040232842885,0.32,34.6,2.9206450014067875,0.5453071164658241
2.287241711178348,0.297,-0.03612626863469998,-1.1301817920206718,1.4448251995097476,0.69,33.2,3.0398105541483504,2.021334039775128
2.6239828350338827,0.495,-0.018928248553534203,-1.665546248849069,1.7483431044875495,0.48,45.8,3.133858125203335,2.1611463057168376
2.1956229435869368,0.675,-0.023634888462045554,-1.1079053973095196,1.4363217001397333,0.35,39.6,2.964259630196849,1.448768136783969
3.038620161949703,0.45,-0.025881690628356345,-1.1904402853647322,1.9779978099587396,0.6,37.5,3.0663259253620376,2.439220552414238
2.820227739748388,0.342,-0.019732904084601658,-1.4609239012072235,1.8528458180149967,0.47,35.8,2.9698816437465,2.268400099359988
2.156639998415452,0.581,-0.042681090922319774,-0.6918626213619614,1.3390537357091392,0.31,28.2,2.795184589682424,0.907572578798551
2.2805783703680764,0.346,-0.015626248002422235,-1.368556230986828,1.5109469486729727,0.62,63.8,3.289142835932333,2.3388925612656997
2.3953438693568283,0.419,-0.001980119521341321,-1.1073489661226996,1.6620964454179235,0.62,42.1,3.083860800866573,2.14763613855088
1.423737249982329,0.672,-0.02131773325983918,-1.454692883534176,0.9180303367848801,0.44,42.4,3.1020905255118367,0.41346741298582484
1.8379039445929424,0.529,-0.001980119521341321,-1.4975728800155672,1.4000196350651586,0.3,30.6,2.8055008581584002,1.0114435620220747
2.514534471280389,0.502,-0.0009950149700419621,-1.5003129173815961,1.521007252408604,0.54,42.3,3.115943176939055,2.0878080281757714
0.9268567089496923,0.426,0.0,-1.5086383061657274,0.7656685547590141,0.38,38.8,3.0025979807199086,0.6336704060514438
1.8817839555933846,0.431,-0.0009950149700419621,-1.2232988160115892,1.449478399187365,0.62,43.4,3.166133970305109,1.8933400199197603
1.8269813369119936,0.406,-0.06374498462014544,-1.3124710387853658,1.2221960463017199,0.62,80.1,3.448551739201578,1.9523128566717056
2.4374968861298205,0.368,-0.03420323438536734,-0.86359655186601,1.5787537844264345,0.56,41.5,3.09725730969342,2.1379013826269126
1.9359604689891665,0.935,0.0,-1.4685210829577449,1.327767489902729,0.34,40.7,2.9647309210536292,0.11193427633268159
2.0519239160461065,0.422,-0.0009950149700419621,-1.4412914294668342,1.341038631677523,0.5,38.5,3.058426024457005,1.6051110251239027
2.633448255366466,0.366,-0.022098056333179395,-1.4559319556497243,1.7677493673455797,0.62,43.7,3.1414497734004674,2.4187436485029874
2.901845036350587,0.433,-0.008605740627880332,-1.3010299956639813,1.9004217534577377,0.67,45.2,3.1646502159342966,2.6505629724841597
2.384460943824492,0.283,-0.0454177404233556,-1.473660722610156,1.577951127729755,0.6,47.8,3.185258765296585,2.2873089515699725
2.135069013823448,0.959,0.0,-1.1174754620451195,1.4560622244549515,0.34,31.7,2.887617300335736,0.4885507165004443
2.0877459347847336,0.524,-0.008605740627880332,-0.8029952719769542,1.2457593559672768,0.31,31.1,2.808210972924222,0.8780044702680252
2.3871049496595065,0.335,-0.05946408732439156,-1.578396073130169,1.6949560022498182,0.59,39.1,2.928907690243953,1.6118294794983736
2.0950646895486353,0.554,-0.001980119521341321,-1.2262135550188065,1.523095838252568,0.45,40.7,2.949390006644913,1.5511693237822954
1.541579243946581,0.453,-0.002955402580175449,-1.2132485778544388,1.2659963704950792,0.71,61.2,3.303412070596742,1.6219963029096947
3.6433203939317416,0.495,-0.017294077416794017,-1.26440110030182,2.1846346565862738,0.49,35.7,2.9800033715837464,2.8925398046586355
1.678609416558926,0.497,-0.001980119521341321,-1.2984320149440727,1.1886472959997174,0.35,35.8,2.906335041805091,1.1048284036536553
1.8907562519182182,0.461,-0.0058232014446408294,-0.938170692705301,1.4667193716815987,0.31,28.8,2.7558748556724915,0.6580113966571124
2.607101009389372,0.588,-0.0067600736709773675,-1.2441251443275085,1.6489451821656724,0.41,34.8,2.9590413923210934,1.6852041344710147
2.1434207851299365,0.406,-0.07404482345423581,-1.320572103387881,1.443262987458695,0.83,63.6,3.4176377396522297,2.2477290604220697
1.5862496388660419,0.59,-0.0067600736709773675,-1.6946486305533763,1.1880843737149382,0.48,42.2,3.1222158782728267,0.8094250287970343
1.815245591916563,0.322,-0.022098056333179395,-1.5272435506827877,1.2615007731982801,0.62,63.5,3.296884475538547,1.9554448045074189
1.1261314072619844,0.349,-0.017294077416794017,-1.8446639625349381,0.9978230807457255,0.49,64.1,3.315130317183602,1.335036440635514
2.2818965502460604,0.476,-0.01811533175001856,-1.4975728800155672,1.4779889762508893,0.6,10.1,3.0737183503461227,1.8286921130318965
2.982904117792628,0.511,-0.002955402580175449,-1.3851027839668655,1.927010868975651,0.46,34.8,2.967547976218862,2.3965515234826307
2.152532948434526,0.5,-0.019732904084601658,-1.1220530483708118,1.449324093098727,0.32,33.2,2.89707700320942,1.2253092817258628
2.0650939893571523,0.483,-0.07920153255874468,-1.3133637307377066,1.3695868907363444,0.63,56.1,3.295786940251609,1.6682647446745609
2.2326658194314453,0.296,-0.02052937397987774,-1.2335871528876006,1.513217600067939,0.58,43.5,3.176958980586908,2.2154366260227967
2.1927068066128585,0.428,-0.0058232014446408294,-1.11690664142431,1.5456781497920256,0.28,26.2,2.7634279935629373,1.056809600874
2.4362103690870547,0.426,0.0,-1.3861581781239307,1.5676144427308445,0.61,37.4,3.0860037056183818,2.130010339978477
2.304145712763787,0.502,-0.03919999161123094,-0.7977842241988685,1.4695274791870139,0.34,29.6,2.8567288903828825,1.0379839494471272
1.2857822737793947,0.495,0.0,-1.3645162531850878,1.0017337128090005,0.62,68.0,3.295347148333618,1.456031831895234
1.5637183399656776,0.293,-0.0058232014446408294,-1.7520267336381934,1.1649473726218416,0.59,39.8,3.0515383905153275,1.3912880309553912
1.938569756221061,0.241,-0.0009950149700419621,-1.3757179041643317,1.3803921600570273,0.62,40.3,3.0519239160461065,1.8679151048753324
1.9010221732480792,0.379,-0.011305308246601213,-1.5528419686577808,1.1577588860468637,0.78,64.0,3.4545399849648186,2.264666737782094
1.35237549500052,0.43,0.0,-1.1390633792999063,1.0484418035504044,0.52,35.0,3.018284308426531,1.041234731171431
0.8331471119127851,0.59,0.0,-1.9430951486635273,0.7788744720027395,0.37,41.8,3.0827853703164503,0.5096057046115561
2.5112682318257082,0.392,-0.012187113563450308,-1.212539525481585,1.705350462885712,0.63,42.3,3.1781132523146316,2.3019692268659946
1.7551122663950711,0.549,-0.012187113563450308,-1.493494967595128,1.2803506930460056,0.47,48.1,3.1547282074401557,1.4791936917968262
1.3044905277734877,0.446,0.0,-1.6363880201078558,0.9324737646771533,0.5,38.8,3.0773679052841563,1.2761169891635438
2.1873514822234608,0.395,-0.08066296493677384,-1.728158393463501,1.366982975977851,0.72,44.6,3.1749315935284423,1.7333938973846283
1.1354506993455138,0.336,-0.01811533175001856,-1.6270879970298935,0.8254261177678232,0.53,61.7,3.2355284469075487,1.1832698436828046
2.1976388755555694,0.59,-0.0067600736709773675,-1.114073660198569,1.6830470382388496,0.64,32.4,2.9731278535996988,1.4957524160373266
2.07213956323974,0.316,-0.003920952362836466,-1.6925039620867872,1.3617278360175928,0.59,41.2,2.9745116927373285,1.6849350826408895
2.6824068382201873,0.474,-0.012187113563450308,-1.1095789811990857,1.779668627207148,0.26,27.7,2.765668554759014,1.4707191214391646
1.89242854694523,0.575,-0.023634888462045554,-1.9469215565165803,1.2127201544178423,0.5,45.4,3.1277525158329733,1.2098098057853794
2.3594750011083763,0.528,-0.025140453565743247,-0.858236769724212,1.603793704136963,0.31,28.8,2.8027737252919755,0.901948465073084
2.3536469964102724,0.591,-0.00951470415829851,-1.3187587626244128,1.7163372878895486,0.41,35.0,2.962369335670021,1.3395408748968247
2.1414497734004674,0.399,-0.0897988169735912,-1.4621809049267258,1.4183012913197455,0.77,57.2,3.343802333161655,1.5924876498132259
2.732948337422897,0.451,-0.010414532460317861,-1.5900668766687054,1.8125122842899826,0.63,39.9,3.044539760392411,2.3509299454317953
2.1857970474461994,0.564,-0.012187113563450308,-0.9157813132607613,1.388278863459639,0.34,30.3,2.8524799936368566,1.1639808690534266
1.7710727832211948,0.558,-0.003920952362836466,-0.6058986979599553,1.2065560440990295,0.26,11.3,2.788875115775417,0.7886632131208574
1.3457656931144881,0.392,-0.0849982680469416,-1.9469215565165803,1.0195316845312554,0.72,46.2,3.230193378869046,1.2810333672477277
2.5156221977963367,0.949,-0.03979558723380789,-1.2898826348881838,1.7032913781186614,0.34,34.8,2.921166050637739,0.9714150233849951
2.960270946592223,0.42,-0.017294077416794017,-1.1713401034646802,2.010596736206525,0.41,41.8,3.0492180226701815,2.439299528258034
2.736866401632625,0.547,-0.022870417001178332,-1.431798275933005,1.725258066359961,0.57,52.2,3.1696744340588068,2.5377511132252146
2.2326912353484625,0.914,-0.018928248553534203,-1.1706962271689751,1.5059635180181261,0.35,35.2,2.934498451243568,0.8536373819585943
2.241894971630703,0.491,-0.00951470415829851,-1.3353580244438745,1.6144753660903952,0.62,45.3,3.1598678470925665,1.9674216006028604
2.4895647655633404,0.609,-0.007687558485308625,-0.9833844524428226,1.6091673743020198,0.4,34.5,2.9030899869919438,1.6065640743500287
2.148695179285065,0.44,-0.0067600736709773675,-1.260427655549908,1.3051363189436394,0.71,55.4,3.2121876044039577,2.3587027546484176
1.3600250891893975,0.463,-0.016464408671544892,-1.6497519816658373,1.1228709228644356,0.45,45.0,3.1795517911651876,0.910250772300148
1.9839418589838882,0.518,-0.004876856380596095,-1.4306260903849541,1.4399639359209049,0.51,35.0,2.9813655090785445,1.1519517887072654
2.6496074244065975,0.367,-0.002955402580175449,-1.0428718023231869,1.8727970399895983,0.61,43.2,3.1280760126687155,2.340586853297483
2.5582284218033258,0.79,-0.03859809345265644,-1.1249387366083,1.8488047010518038,0.33,33.7,2.8715729355458786,1.0530784434834197
1.8664645659717403,0.422,-0.048012482793757714,-0.9726503922252435,1.2720737875000099,0.52,37.9,2.9763499790032735,1.1516762308470476
2.07018568637838,0.333,-0.08145813431369843,-1.3196644865854368,1.3712526291249394,0.83,51.0,3.343014497150768,1.9313154557076
2.217720767530819,0.353,-0.052346484925647106,-1.2471835688117285,1.4496326504700745,0.48,38.1,2.9395192526186187,1.82723030243813
2.3479541698940163,0.413,-0.0058232014446408294,-1.1649438982798836,1.615107987443194,0.26,28.7,2.7701152947871015,1.221205517674004
2.6598876896494605,0.614,-0.007687558485308625,-1.3645162531850878,1.716504163773217,0.42,33.7,2.9190780923760737,1.7005306569785916
1.6638892986226614,0.412,-0.07315954532529369,-1.1837587000082168,1.2725377773752373,0.54,62.9,3.3330440298234874,1.3086284325990527
1.0546130545568877,0.411,0.0,-2.1804560644581312,0.7474118078864233,0.5,37.7,3.074816440645175,1.0909278525816077
2.418201823178248,0.615,-0.017294077416794017,-0.6552148773673393,1.6910814921229684,0.34,29.0,2.8407332346118066,1.1482323596449049
2.262996581601494,0.496,-0.024391543315236672,-1.1463017882238256,1.4131320504348721,0.71,55.7,3.252124552505644,2.095235624247662
2.4752788388753837,0.5,-0.002955402580175449,-1.5016894462103996,1.7204074008031085,0.56,51.0,3.190611797813605,2.2491751373076565
2.00774777800074,0.637,-0.0009950149700419621,-1.2118316288588322,1.3226327116922234,0.26,28.3,2.762678563727436,0.6055205234374689
2.8330450630415167,0.547,-0.003920952362836466,-1.034798298974088,1.762078087334639,0.35,32.4,2.9159272116971158,1.9254049236280921
0.21218760440395779,0.196,0.0,-1.1331221856625011,0.3443922736851107,0.62,39.2,3.0398105541483504,0.25200302053845874
2.870280974349706,0.458,-0.030171901983646335,-1.204815410317576,1.8929845507107166,0.6,39.5,3.087781417809542,2.2930419646579367
2.9113494019832187,0.416,-0.04999058675665973,-1.239577516576788,2.0737916428080134,0.41,40.2,3.0530784434834195,2.3087020428279383
0.9111576087399766,0.309,0.0,-1.8761483590329142,0.7176705030022621,0.34,37.7,2.931966114728173,0.6637008971275334
2.2702361658370123,0.44,-0.03288733358619629,-0.9817156915734692,1.4726101975960446,0.53,38.7,2.9858753573083936,1.547319257141486
2.010172703286779,0.554,-0.01306002979550787,-1.5243288116755704,1.518118947143153,0.47,53.3,3.190051417759206,1.8106289836371174
3.0269497913124175,0.664,-0.011305308246601213,-0.9492336887669577,2.0269416279590295,0.35,35.5,2.935003151453655,2.060138562277245
2.367057590612843,0.427,-0.001980119521341321,-1.4190750243243806,1.4820155764507117,0.54,44.0,3.0530784434834195,2.1383532313113953
0.8992731873176038,0.403,0.0,-2.1249387366083,0.7902851640332417,0.52,41.6,3.1290450598879582,0.6720978579357175
2.643945912748067,0.355,-0.002955402580175449,-1.3555614105321614,1.6837672614253116,0.64,36.3,3.1357685145678222,2.4462870184667684
2.1640850574588586,0.452,-0.002955402580175449,-1.5316526695878427,1.5307118379816569,0.64,35.9,3.0203612826477078,1.777220138946792
1.610979379922997,0.617,-0.0009950149700419621,-1.595166283380062,1.0330214446829107,0.45,34.6,3.0195316845312554,1.1468409340350674
2.4393169010165043,0.681,-0.04379321757445775,-0.7009287399725904,1.5322446436265822,0.31,28.1,2.792391689498254,0.8928178243095762
1.6816933920045642,0.325,-0.022870417001178332,-1.3169529617611504,1.1723109685219542,0.71,68.9,3.3991543339582164,1.8235329136487233
1.2750808984568585,0.341,0.0,-2.0268721464003012,1.0086001717619175,0.4,36.0,2.9943171526696366,0.9637878273455552
2.2232622468766308,0.522,-0.013924137670431295,-1.4559319556497243,1.5757649805367193,0.46,44.3,3.156851901070011,1.6918900480772827
2.39750549689802,0.523,-0.004876856380596095,-1.4449055514216809,1.587935348636356,0.47,63.1,3.248218561190075,2.370187292826051
1.5114822886260015,0.415,0.0,-1.739928612014925,1.030599721965951,0.71,47.8,3.244524511570084,1.359882891813425
1.9807303765359454,0.698,-0.03288733358619629,-0.9982662871909994,1.426673888021373,0.34,29.7,2.8686444383948255,0.7185016888672743
1.860757123081542,0.373,-0.002955402580175449,-1.6003262785189618,1.2648178230095364,0.52,39.1,3.0644579892269186,1.643353961976863
3.2303007250377522,0.422,-0.03354871435054177,-1.191789027075778,2.08012119950948,0.59,36.2,3.0565237240791006,2.5758768560719494
2.4756421375547006,0.561,-0.007687558485308625,-0.7851561519523022,1.6697816152085365,0.61,36.3,3.04766419460156,1.790411858181453
2.483202037435756,0.454,-0.007687558485308625,-0.9503943874050268,1.6720054450229518,0.55,36.3,3.0881360887005513,2.050663926992059
2.7077149168031265,0.321,-0.057906309989786055,-1.4621809049267258,1.740441644949766,0.6,43.4,3.1172712956557644,2.4148338502262736
2.238297067875394,0.508,-0.008605740627880332,-1.1214782044987934,1.4833019523581672,0.42,32.0,2.8790958795000727,1.3551257249876876
2.3752245260657996,0.408,-0.07646529616216623,-1.2027324591692836,1.4864304788544338,0.64,66.4,3.3498600821923312,2.0195960350643833
1.8620120512502165,0.448,-0.007687558485308625,-1.2254830342714504,1.2624510897304295,0.31,28.1,2.7715874808812555,0.9421569284674904
1.6303261548039467,0.615,-0.05908104100856475,-1.7825160557860937,1.0788191830988487,0.42,39.0,3.059941888061955,0.9504622189055979
2.539063546747749,0.395,-0.0058232014446408294,-1.4449055514216809,1.6920533650340808,0.45,34.3,2.9566485792052033,2.1128244390545676
1.7017406324372124,0.44,0.0,-1.1870866433571443,1.316808752053022,0.28,25.6,2.7701152947871015,0.6935510855959135
2.356905034810078,0.407,-0.003920952362836466,-1.2975694635544748,1.6011905326153335,0.62,58.0,3.2764618041732443,2.3977471391018588
2.0823185221080402,0.289,-0.06407661776760162,-1.1331221856625011,1.4811558708280352,0.6,32.8,3.037426497940624,1.699152369724367
2.993599335863805,0.404,-0.002955402580175449,-1.1617807780923741,1.874945436085532,0.64,50.5,3.182129214052998,2.7947096685056683
1.8627275283179747,0.363,-0.08805703013119673,-1.285670240254767,1.2785249647370176,0.71,61.5,3.331832044436249,1.2769440857129821
2.6949297018280025,0.405,-0.0058232014446408294,-1.4559319556497243,1.7854010249923875,0.61,44.6,3.153204900084284,2.5496977003782044
2.237945676609235,0.355,-0.04488198115916315,-1.632644078973981,1.2953471483336179,0.57,44.3,3.132579847659737,1.9188765957897786
2.2962262872611605,0.56,-0.003920952362836466,-1.3526170298853801,1.4845845292828428,0.44,42.5,3.1058506743851435,1.748498126613737
1.9971241556592045,0.559,-0.01811533175001856,-1.136677139879544,1.252610340567373,0.34,32.7,2.859738566197147,1.1761202110560856
2.122707254318348,0.368,-0.01306002979550787,-1.2027324591692836,1.3531465462139793,0.3,31.6,2.82020145948564,1.1390916075238227
2.054766217838991,0.592,-0.06629691908188333,-1.3788237182249647,1.374381698050882,0.49,37.2,2.9339931638312424,1.2813401981639474
2.2208922492195193,0.495,-0.06629691908188333,-0.7902169851514851,1.6723749787460795,0.6,35.5,3.1245042248342823,1.3902018017908282
0.9020028913507294,0.774,-0.00951470415829851,-0.90204892900585,0.7937903846908186,0.4,31.2,2.858537197569639,0.11693964655075578
1.7737864449811935,0.88,-0.012187113563450308,-0.9759250126925737,1.378216149749878,0.3,31.6,2.843855422623161,0.23502315949522348
2.010299956639812,0.488,-0.016464408671544892,-1.1432711096171173,1.4924810101288766,0.62,39.9,3.0437551269686796,1.5529843938913834
2.218036331200945,0.952,0.0,-1.2510371387438386,1.6748611407378116,0.34,32.4,2.885361220031512,0.34830486304816066
2.960565902818198,0.597,-0.01811533175001856,-1.3516399890190685,1.974971994298069,0.56,50.2,3.1357685145678222,2.6027082346740014
1.6491400641442189,0.417,-0.08759658827814241,-1.493494967595128,1.2103185198262318,0.71,68.6,3.4051755462179893,1.522555101386375
2.167228694175993,0.399,-0.058693757501138366,-1.282329496997738,1.4119562379304016,0.63,60.6,3.3064250275506875,2.030652336003979
1.1958996524092338,0.586,0.0,-1.4259687322722812,0.9552065375419417,0.35,36.6,2.9703468762300935,0.42242567637120454
1.1095785469043866,0.251,-0.026615325331903857,-1.4921441283041692,0.8943160626844384,0.71,61.9,3.3010299956639813,1.2136638253745888
2.843861644562573,0.517,-0.022870417001178332,-1.2967086218813386,1.6968803716827623,0.56,37.7,3.0569048513364727,2.24717509998676
2.7770060998037467,0.423,-0.0864673131012924,-1.4634415574284698,1.8387231900313719,0.71,52.9,3.3281756614383227,2.2775668140923573
2.2552242474798434,0.474,-0.0058232014446408294,-1.3968556273798178,1.441695135640717,0.42,36.3,2.9542425094393248,1.6929261950096273
2.3065108056433825,0.593,-0.003920952362836466,-1.1897674820049158,1.5010592622177514,0.49,36.1,2.989894563718773,1.4364647981416185
2.2946205165874205,0.376,-0.03086137765159898,-1.1463017882238256,1.5759956202032677,0.64,44.2,3.127428777851599,1.9256729939212405
2.118958777766434,0.447,-0.06307051479852445,-1.5072396109731625,1.467312062980552,0.72,38.0,3.157456768134226,1.704596598202033
2.386730765209831,0.4,-0.04379321757445775,-1.2620126736665693,1.7415455167762095,0.6,39.1,3.1360860973840974,1.958664203692766
2.025223915178311,0.43,-0.07772686093537609,-1.330683119433888,1.4000196350651586,0.7,35.5,3.1112625136590655,1.706692184658122
1.610979379922997,0.671,-0.018928248553534203,-1.4723700991286615,1.1354506993455138,0.44,41.6,3.0813473078041325,0.7427251313046983
2.4502953074026346,0.347,-0.023634888462045554,-1.2284125191187447,1.5917322389518356,0.45,34.0,2.8998205024270964,2.0037125264340365
3.5186192106290766,0.439,-0.015626248002422235,-0.8674201523402629,2.1820149861507345,0.37,36.5,2.9537596917332287,2.503109436671369
2.766933093837284,0.487,-0.0644045661434788,-1.2510371387438386,1.745309059940828,0.63,45.9,3.1775364999298623,2.309597168307193
2.1053398398052865,0.529,-0.037989832797915984,-1.031517051446065,1.4690852991231205,0.68,43.7,3.1119342763326814,1.5674498615430847
3.3571779821292687,0.489,-0.025140453565743247,-1.1301817920206718,2.0977083805816297,0.64,39.9,3.0726174765452368,2.786407114417817
2.307966447028274,0.382,-0.001980119521341321,-1.0056828473303634,1.6332664111554245,0.61,45.0,3.160168292958512,2.0749334065715224
2.0750357259221905,0.597,-0.002955402580175449,-1.448550002027125,1.571009672309305,0.29,33.3,2.863322860120456,1.5677789615721833
1.8098289610678862,0.403,-0.007687558485308625,-1.1713401034646802,1.1892094895823062,0.29,28.3,2.7589118923979736,0.9472376078706664
2.39411882769457,0.44,-0.08927392625858038,-1.2806687130162733,1.5582284218033255,0.71,67.0,3.336859820916809,1.8611549393713636
1.351022852584124,0.319,-0.015626248002422235,-1.739928612014925,0.9074113607745862,0.7,42.0,3.119585774961784,1.1841659857677949
2.33573864700505,0.577,-0.018928248553534203,-1.1301817920206718,1.5965970956264601,0.42,37.5,2.9206450014067875,1.6576437802568773
2.671052445894609,0.386,-0.00951470415829851,-1.38933983691012,1.7691556907143988,0.68,46.3,3.171726453653231,2.5266564550201234
2.074157919697316,0.266,-0.0009950149700419621,-1.6003262785189618,1.2156375634350618,0.64,45.0,3.182414652434554,2.1206627879784743
1.396548037987132,0.497,-0.015626248002422235,-1.012780770091995,1.0644579892269184,0.34,36.5,2.928907690243953,0.8220045340895255
2.267547172110773,0.454,-0.0067600736709773675,-1.3798639450262424,1.381295623003826,0.31,34.7,2.8305886686851442,1.3657312714016783
1.3905818785504354,0.261,0.0,-1.6736641390712486,0.9749719942980689,0.59,49.3,3.197831693328903,1.4964868292921503
3.1372591386367676,0.509,-0.03612626863469998,-1.2111248842245832,2.024526714387152,0.65,42.8,3.1048284036536553,2.624428555261786
2.3603282880720524,0.434,-0.003920952362836466,-1.1101382787418115,1.5516939151272247,0.62,41.9,3.1451964061141817,2.0899192346075397
1.8936508169859636,0.42,-0.016464408671544892,-1.3458234581220394,1.4171394097273255,0.36,40.0,2.959994838328416,1.3400076179966731
2.3070465352180185,0.549,-0.003920952362836466,-1.2992962828549806,1.6127838567197355,0.4,38.4,2.9872192299080047,1.833437182405553
1.7692295817365937,0.885,-0.06890593679471609,-1.5391021572434522,1.3246939138617746,0.36,35.1,2.90848501887865,0.3005954838899635
2.1122362308689393,0.497,-0.06340962948156852,-1.1884249941294067,1.5851221863068155,0.69,51.6,3.243781916093795,1.8459533777224486
2.7150669313288978,0.442,-0.007687558485308625,-0.9111554372729957,1.6626634095740376,0.36,34.6,2.928907690243953,2.0810879500885098
2.504198918539445,0.314,0.0,-1.47755576649368,1.6623800200162475,0.62,39.3,3.1109262422664203,2.47912523605559
2.3684728384403617,0.623,-0.01306002979550787,-0.6942188487450177,1.5322446436265822,0.31,32.2,2.8055008581584002,1.0176801649512983
1.7958800173440752,0.528,-0.0009950149700419621,-1.5718652059712113,1.3334472744967505,0.53,43.1,3.068556895072363,1.3702539529610338
2.1174370252826193,0.536,-0.0009950149700419621,-1.530177984021837,1.4263485737875077,0.52,51.9,3.204933522354145,1.8943659150569607
1.7517408738109006,0.554,-0.0067600736709773675,-1.0287241512618948,1.2024883170600935,0.26,25.5,2.7528164311882715,0.5831987739686227
3.211310136449166,0.686,-0.0415451509672722,-0.7160207157615202,1.9853366417356129,0.32,32.3,2.863322860120456,1.8899960183726647
1.549248556854056,0.355,-0.0067600736709773675,-1.1209041204999273,1.1961761850399732,0.34,37.1,2.9474337218870508,1.1300119496719043
2.1715802019320636,0.455,0.0,-1.485452247339714,1.5331362882786388,0.44,36.3,3.040602340114073,1.7685863083574604
1.0813473078041325,0.271,-0.011305308246601213,-1.4001169279263121,0.9247959957979122,0.61,57.5,3.3647385550553985,1.2124539610402758
2.5774573306533584,0.342,-0.0009950149700419621,-1.5528419686577808,1.6878855248487055,0.62,42.9,3.0884904701823963,2.3642188159806716
2.385677756518711,0.493,-0.002955402580175449,-1.473660722610156,1.6196150057428065,0.57,50.7,3.1869563354654122,2.089558950273732
2.6326597132939136,0.523,-0.003920952362836466,-1.0409586076789064,1.6697816152085365,0.56,32.8,3.0322157032979815,2.118344102441943
3.541580491917437,0.65,-0.037375149180317806,-0.7549811292622469,2.1398790864012365,0.31,32.3,2.838849090737255,2.1703042624322992
1.1781132523146318,0.525,0.0,-1.712198270069774,0.9763499790032735,0.38,37.8,2.9190780923760737,0.718044708575962
1.666705136119899,0.853,-0.05669229419782924,-0.7827793443554812,1.2574385668598138,0.31,28.2,2.8095597146352675,-0.10347378251044466
3.6038391210057434,0.542,-0.018928248553534203,-1.0840727883028842,2.3877634436215565,0.38,38.7,3.0043213737826426,2.72429471593353
2.5230046724215365,0.359,-0.0058232014446408294,-1.1726307269461749,1.8091555317471804,0.62,35.1,3.030599721965951,2.1296496182175497
2.0134271270706963,0.445,-0.0844784342706365,-1.2636034977233577,1.3935752032695876,0.61,50.9,3.2528530309798933,1.5374538824268749
3.5244921885831606,0.496,-0.019732904084601658,-1.337242168318426,2.0965276656064398,0.53,35.9,3.0060379549973173,2.906717440503025
2.6512198456633156,0.937,-0.02131773325983918,-1.285670240254767,1.7185016888672742,0.35,33.7,2.9190780923760737,1.1112625136590653
1.9293167267534956,0.403,-0.007687558485308625,-1.158640529545145,1.284881714655453,0.53,40.9,3.0068937079479006,1.4517403947996252
1.806925776883732,0.843,-0.03979558723380789,-1.2831622767004756,1.2633993313340022,0.29,33.3,2.8419848045901137,0.3948017771627111
2.101609617233111,0.463,-0.007687558485308625,-0.8173000966639574,1.4517864355242902,0.6,32.8,3.053462604925455,1.5358824878837316
1.2734642726213463,0.448,-0.08818334207940609,-1.282329496997738,0.9745116927373284,0.71,57.9,3.2780673308886628,0.8748874934673814
2.348499570283838,0.443,-0.002955402580175449,-1.3260580013659122,1.4745076391169758,0.66,45.1,3.103803720955957,2.2504224421586803
2.4523691959603435,0.274,0.0,-1.6020599913279623,1.56062387454993,0.62,39.0,3.089905111439398,2.336858821158564
2.0303163059885856,0.882,-0.00951470415829851,-1.4473317838878068,1.3895204658463773,0.38,37.4,2.986323777050765,0.7094819670732325
1.7256666603141786,0.439,0.0,-1.6197887582883939,1.1789769472931695,0.59,42.2,3.1031192535457137,1.3656190022545034
1.5726392970428134,0.362,-0.004876856380596095,-1.329754146925876,1.1398790864012365,0.79,65.1,3.441852175773292,1.7778942167685725
2.512831092547524,0.522,-0.014779517263537918,-1.1243600629958317,1.6152133348013584,0.4,34.0,2.9095560292411755,1.6625359071563572
2.291035674768266,0.562,-0.003920952362836466,-1.3391345219961308,1.424064525417488,0.53,33.5,2.9395192526186187,1.337339439388419
1.7123129086813655,0.404,-0.027341427923461684,-1.2533658010624211,1.123524980942732,0.56,64.4,3.313023110323238,1.6061770373974464
2.520666906472944,0.359,-0.05669229419782924,-1.3115801779972893,1.4933186082321015,0.81,45.4,3.2778383330020473,2.534098482438588
2.1346232896624375,0.442,-0.05141934035454487,-1.2781893847874535,1.3634239329171762,0.44,35.0,2.9894498176666917,1.4471192533180046
3.0210279597260694,0.311,-0.010414532460317861,-1.3106911408763797,1.8394780473741983,0.5,34.6,3.0056094453602804,2.6440839185768295
2.89908146395982,0.573,-0.002955402580175449,-1.295849483160201,2.0108085975122063,0.55,34.9,2.9618954736678504,2.052002925791702
1.039017321997412,0.338,0.0,-0.9804683154687446,1.0301947853567512,0.22,31.5,2.7715874808812555,0.42250776586807565
2.2359574794666206,0.423,-0.002955402580175449,-1.3872161432802645,1.5764565324056201,0.59,52.7,3.2137832993353044,2.0599229723851336
2.5337212310124437,0.363,-0.02131773325983918,-1.3362990746103518,1.5098742850047193,0.7,63.9,3.3096301674258988,2.5786340304884843
1.0591846176313713,0.227,0.0,-1.3851027839668655,0.7803173121401513,0.64,53.1,3.2796669440484556,1.17868923977559
1.947384701684741,0.4,-0.022870417001178332,-1.1101382787418115,1.38147609027503,0.59,31.4,3.0013009330204183,1.473326360897987
3.0377570733980264,0.478,-0.014779517263537918,-1.2168113089247425,1.953807997665307,0.59,49.8,3.1861083798132053,2.5784134098198486
2.700911298355967,0.518,-0.017294077416794017,-1.3279021420642825,1.7574719477656682,0.35,37.9,2.910624404889201,2.0708133597027154
2.240399465738641,0.391,-0.04038493977774895,-1.2175273758337137,1.684755622108624,0.58,32.7,2.966610986681934,1.7131964337252483
1.7479553069067297,0.393,0.0,-2.070581074285707,1.1309766916056172,0.72,48.6,3.2227164711475833,1.8902700794339788
2.793455108440068,0.513,-0.03612626863469998,-0.8027194418743807,1.810232517995084,0.34,29.8,2.864511081058392,1.6669856902805005
3.202548253191333,0.608,-0.0058232014446408294,-0.8507808873446201,1.996117476137288,0.34,32.2,2.8836614351536176,1.9053127626081365
2.2653603521018306,0.482,-0.055437815192698414,-1.5171264163912463,1.4557582031041367,0.52,37.6,3.061452479087193,1.683650306402393
1.8998205024270962,0.481,-0.03919999161123094,-1.5512936800949202,1.308991029000164,0.48,54.0,3.2089785172762535,1.6563377840221853
1.9326259440217821,0.402,-0.016464408671544892,-1.2518119729937995,1.3573630306151427,0.26,27.9,2.776701183988411,0.9103308901857375
2.0916669575956846,0.761,-0.023634888462045554,-1.0338582672609673,1.4186326873540656,0.27,32.7,2.8102325179950842,0.816373888752362
2.261215272268592,0.494,-0.05370013820164443,-1.3516399890190685,1.4746532533620627,0.35,35.9,2.921686475483602,1.508421973642469
1.9672670915597856,0.403,-0.01306002979550787,-0.9706162223147904,1.4987239707479048,0.31,29.9,2.776701183988411,1.0253058652647702
1.927473020995276,0.872,0.0,-0.9255492810454088,1.3823773034681137,0.34,31.3,2.8715729355458786,0.7477224620355084
2.8941609298083817,0.51,-0.0562786895318583,-1.214670164989233,1.854002233126989,0.59,43.8,3.1473671077937864,2.3983602023895556
1.8325089127062364,0.974,0.0,-1.609064892896621,1.3382572302462556,0.35,32.5,2.90687353472207,0.5699588180965941
1.8046845149069404,0.404,-0.002955402580175449,-1.1605219526258017,1.269746373130767,0.3,28.2,2.7693773260761385,0.929521100631104
2.3662548106863865,0.443,-0.06998262462333184,-1.5734887386354248,1.619719265611727,0.7,41.2,3.1293675957229854,1.9067066733161668
1.8799555851227492,0.952,-0.018928248553534203,-1.3115801779972893,1.4017450822370627,0.34,36.6,2.9523080096621253,0.4607475418441969
2.952918307262305,0.507,-0.004876856380596095,-1.3142582613977363,2.037546012085827,0.52,44.8,3.13956426617585,2.3334593660541376
2.707587206920154,0.425,-0.002955402580175449,-1.288192770958809,1.7358383343170738,0.71,54.5,3.218010042984363,2.645416393560471
2.7627385657283474,0.33,-0.007687558485308625,-1.2350770153501116,1.8422346863472396,0.62,36.2,3.0835026198302673,2.396103407999644
2.891515156998247,0.439,-0.026615325331903857,-1.2848326421515421,1.8235394336568589,0.51,42.3,3.126780577012009,2.4185829609362375
2.4441228994129194,0.353,-0.007687558485308625,-0.7351821769904635,1.5678494505731069,0.34,32.5,2.8394780473741985,1.6242666528333272
2.6481647785740012,0.505,-0.001980119521341321,-1.465973893943865,1.7339992865383869,0.53,36.2,2.9947569445876283,2.111437271938078
1.707314633588708,0.455,-0.002955402580175449,-1.5816987086802545,1.2068258760318498,0.35,34.2,2.9304395947667,1.133746457917334
3.103619021040414,0.584,-0.003920952362836466,-1.2306226739238615,2.1049989492996337,0.52,34.4,2.946452265013073,2.1343237608317773
1.5864747785713966,0.421,0.0,-1.9208187539523751,1.0784568180532925,0.72,49.9,3.2405492482826,1.780778010433731
3.455210427775805,0.485,-0.03354871435054177,-1.2798406965940432,2.210398788652244,0.63,36.8,3.04883008652835,2.674027560939809
1.5646660642520893,0.588,-0.016464408671544892,-2.318758762624413,1.083860800866573,0.38,43.9,3.0610753236297916,0.7867514221455612
2.4209948296439574,0.577,-0.0067600736709773675,-1.3968556273798178,1.4852954387260888,0.46,33.9,2.9585638832219674,1.8611309927710484
2.139217700137586,0.527,-0.002955402580175449,-1.0888423912600234,1.375114684692225,0.37,34.0,2.937517892017347,1.5587145690343074
2.0339863652396057,0.883,-0.03221902743680565,-1.3819519032879073,1.3836358683618797,0.29,32.1,2.8394780473741985,0.29819786710981516
1.7196626830180466,0.48,-0.03859809345265644,-1.2139587897574458,1.2798949800116382,0.35,38.5,2.932980821923198,1.2150027072149523
2.0141843975012796,0.596,-0.016464408671544892,-0.8244881866365523,1.341038631677523,0.28,27.3,2.7745169657285498,0.5633624094866074
2.0645702922440257,0.39,-0.08599598282566753,-1.7958800173440752,1.3147096929551738,0.72,46.4,3.1917303933628562,1.5854945693185436
2.146407135287053,0.576,-0.0067600736709773675,-1.285670240254767,1.3583156400821959,0.29,29.1,2.7774268223893115,0.9100371235530508
2.563777633362166,0.341,-0.049012146481136366,-1.1567672219019907,1.662757831681574,0.69,50.2,3.244771761495295,2.355654539340905
2.617409266531529,0.292,-0.07338473839041926,-0.9653715433746797,1.7662640906519955,0.58,33.8,3.024485667699167,1.9916424442139777
2.920629360267441,0.472,-0.002955402580175449,-1.4271283977995197,1.7994094796151268,0.48,38.3,3.061829307294699,2.360058261878948
0.24054924828259971,0.603,0.0,-1.764471553092451,0.437750562820388,0.54,41.6,3.081707270097349,0.08795878946073288
1.934548947666147,0.338,-0.013924137670431295,-1.332547047110046,1.344588742578714,0.71,62.2,3.35430056234536,2.071753172038369
2.3596078447972064,0.585,-0.0067600736709773675,-1.1870866433571443,1.4852954387260888,0.4,36.0,2.9872192299080047,1.8542513719219653
1.9495363733761426,0.546,-0.015626248002422235,-1.1830961606243398,1.4435758797502576,0.45,42.4,3.0831441431430524,1.0434801700225511
2.211547681181248,0.52,-0.012187113563450308,-1.344861565188618,1.351216345339342,0.43,32.7,2.859738566197147,1.4826163594008375
1.9772204466353853,0.944,-0.013924137670431295,-1.2814983111327258,1.3111178426625056,0.35,34.9,2.940516484932567,0.5341530741850625
3.0509942173877467,0.612,-0.0058232014446408294,-1.1972262747080242,1.9174004679552508,0.36,33.4,2.924795995797912,2.1423550466043495
1.7786576319473553,0.413,0.0,-2.113509274827518,1.2038484637462348,0.46,36.0,3.0086001717619175,1.3932680177494472
1.428620672671939,0.736,-0.0722322195701009,-1.58838029403677,1.04883008652835,0.44,43.7,3.1119342763326814,0.597475811815525
2.880258941346043,0.386,-0.05141934035454487,-1.274088367704952,2.031165999660659,0.43,40.7,3.0655797147284485,2.3678700598236606
3.2420143899257847,0.484,-0.04594782432923697,-1.2132485778544388,2.0100878469985246,0.69,35.6,3.0770043267933502,2.3500831878131714
1.9928626713890276,0.437,-0.01306002979550787,-1.1295960947209729,1.325720858019412,0.61,39.1,3.1126050015345745,1.573869100848107
1.9453700944903038,0.298,-0.002955402580175449,-1.5718652059712113,1.3605934135652489,0.59,40.2,3.0211892990699383,1.9031714095741719
0.6354837468149122,0.32,0.0,-1.2873502983727887,0.5728716022004802,0.27,33.1,2.8068580295188172,0.2801228963023076
2.313170948064998,0.775,-0.025140453565743247,-1.458420756053419,1.496514518697745,0.38,39.8,3.0043213737826426,1.2027062269903568
0.9390197764486664,0.323,0.0,-2.0087739243075053,0.75815462196739,0.66,72.9,3.394976719554564,1.1407907766253023
2.5633624094866074,0.61,-0.007687558485308625,-1.0447934624580582,1.736953953783146,0.37,35.0,2.9429995933660407,1.6470502748685385
1.7596678446896306,0.419,-0.0009950149700419621,-1.3635121036466347,1.2801228963023075,0.5,40.2,3.06595298031387,1.4904501203560196
1.3679147387937527,0.669,-0.04851499323699681,-1.2373214362725637,1.0707764628434346,0.35,34.2,2.957128197676813,0.5264685124694775
1.8926510338773004,0.505,0.0,-1.3089185078770316,1.398634324538392,0.31,31.5,2.791690649020118,0.8183578779583548
2.946997247448503,0.588,-0.00951470415829851,-0.9730583720409707,1.9550620696750323,0.35,34.3,2.910090545594068,1.6546144673280039
2.131265696780032,0.549,-0.003920952362836466,-1.469800301796918,1.546789351631258,0.48,45.5,3.153204900084284,1.6878587927283875
1.4405942618398309,0.387,-0.0009950149700419621,-1.3496924768680636,0.9666109866819343,0.27,29.1,2.7693773260761385,0.8298824464434933
2.001430812246398,0.404,-0.0009950149700419621,-1.0324520237811379,1.4345689040341987,0.61,35.4,3.103803720955957,1.8042417147076304
2.603782889896698,0.411,-0.04211612604666654,-1.2684112348132612,1.6141587095091752,0.75,39.5,3.1556396337597765,2.0057637575408704
2.7839964283642997,0.526,-0.013924137670431295,-1.5044556624535514,1.887054378050957,0.46,42.2,3.0965624383741357,2.229072327668871
2.822318486649642,0.425,-0.003920952362836466,-1.3045183235098026,1.875003353600041,0.49,39.8,3.0737183503461227,2.3618127983658326
3.003865340227295,0.452,-0.05141934035454487,-1.2479515521805615,1.8505849763520315,0.71,36.5,3.1192558892779365,2.162862993321926
1.816837630902035,0.513,-0.0067600736709773675,-1.2097148359667584,1.315550534421905,0.71,50.5,3.2038484637462346,1.7303623084923125
1.3047058982127655,0.811,0.0,-1.826813731587726,1.003029470553618,0.38,39.3,3.0051805125037805,-0.39147396642280585
1.6492374723496073,0.376,-0.0454177404233556,-1.0486624812040823,1.2986347831244356,0.52,35.4,2.9943171526696366,1.204255678480151
1.4342494523964755,0.386,0.0,-1.7375489102695705,0.9947569445876282,0.66,72.3,3.3694014136966244,1.7024650028938513
2.3267249128021095,0.514,-0.02131773325983918,-1.1313555616051743,1.52608069180203,0.71,54.1,3.237040791379191,2.1718521907542723
2.419972261274,0.376,-0.01306002979550787,-1.245651664288981,1.6331653536839033,0.59,37.8,3.1017470739463664,2.2129675679177296
2.1914230666878076,0.518,-0.002955402580175449,-1.154901959985743,1.5721743136130595,0.41,33.1,2.8887409606828927,1.605283492530251
2.8371400250142345,0.565,-0.04096810820130223,-1.518557371497695,1.766561552637531,0.41,37.5,3.04688519083771,2.069952847451704
1.779884963192644,0.568,-0.018928248553534203,-1.2175273758337137,1.2402995820027125,0.29,34.0,2.8363241157067516,0.864006460571055
1.6242820958356683,0.632,-0.002955402580175449,-1.9318141382538383,1.1679078100014801,0.32,33.1,2.8543060418010806,0.9786369483844743
2.2232622468766308,0.327,-0.008605740627880332,-1.3419886033428876,1.587823171318955,0.67,39.1,3.1112625136590655,2.0033614258312396
1.5410797677766288,0.584,-0.055860544797773005,-1.3555614105321614,1.176958980586908,0.53,38.2,3.0232524596337114,0.9787737843301224
2.3727279408855955,0.537,-0.025881690628356345,-1.1186153432294272,1.6646419755561255,0.25,27.8,2.7528164311882715,1.079759919660093
2.1037353227383333,0.402,-0.003920952362836466,-1.005243055412372,1.2538224387080734,0.28,26.7,2.7611758131557314,1.0934216851622351
3.4225241819056462,0.484,-0.035491948206900534,-1.279014255846261,2.1672877899009317,0.65,36.6,3.0542299098633974,2.624251663208346
2.175772659601536,0.414,-0.018928248553534203,-1.3115801779972893,1.5602653978627146,0.5,36.6,3.0081741840064264,1.6970810643133145
1.8250364412213538,0.409,0.0,-1.5272435506827877,1.369030221809153,0.68,51.0,3.17376882313665,1.9223672898002797
1.643353961976863,0.367,-0.08728887546278206,-1.5512936800949202,1.1162755875805443,0.71,81.9,3.419790586106363,1.302027726021775
3.277439588614276,0.472,-0.028060068072539014,-1.1592667653881932,2.1980794761710314,0.5,42.4,3.089905111439398,2.588804323882049
2.6174197467371765,0.778,-0.027341427923461684,-1.1481303992702336,1.739572344450092,0.37,38.6,2.9858753573083936,1.3404441148401183
2.0223871256864383,0.491,-0.0058232014446408294,-1.442492798094342,1.4340896384178907,0.4,40.5,3.0170333392987803,1.7624684914175446
1.8896937914441854,0.865,-0.025140453565743247,-1.0851281824599497,1.5363058723510337,0.33,31.8,2.866877814337499,0.541267138664084
2.4601909757485787,0.498,-0.003920952362836466,-1.4168012260313771,1.5992278627737964,0.39,40.1,2.997386384397313,2.0206367733342505
2.5255501095236057,0.504,-0.057101403208973806,-1.112945621949043,1.5810389487721672,0.62,42.2,3.1925674533365456,2.2901949366514502
2.675851634135976,0.338,-0.08038469183333682,-1.1561445773768388,1.7547304690237535,0.73,40.4,3.1408221801093106,2.148073375310425
2.007064656378332,0.471,-0.03859809345265644,-1.2104192878355746,1.2482185611900747,0.53,51.9,3.1007150865730817,1.812876673913607
2.843519305454724,0.459,-0.01306002979550787,-1.4225082001627747,1.7983743766815612,0.68,39.0,3.090258052931316,2.4778907215417894
2.5885406059677267,0.48,-0.015626248002422235,-0.9554602396075891,1.6032526619816467,0.31,30.4,2.816241299991783,1.3384564936046048
1.4823017672234426,0.565,-0.0067600736709773675,-1.2006594505464183,1.0614524790871933,0.35,33.9,2.946452265013073,1.1304945885234696
2.0850764114720945,0.45,-0.0009950149700419621,-1.332547047110046,1.4652340949880143,0.49,39.0,3.0788191830988487,1.8026677034624936
1.9803215860087564,0.305,0.0,-1.5346171485515816,1.2674064187529042,0.56,34.2,2.996949248495381,1.8060102945592231
2.7594109685207595,0.449,-0.025881690628356345,-1.2232988160115892,1.7914099156671601,0.52,42.7,3.0989896394011773,2.282155170953656
1.933639112524925,0.838,0.0,-1.154901959985743,1.2615007731982801,0.32,31.1,2.88024177589548,0.5582284218033257
2.7139607041935765,0.484,-0.0067600736709773675,-1.2083093509798821,1.881498779614983,0.54,43.3,3.1436392352745433,2.13303566558402
1.8712225567597072,0.941,-0.004876856380596095,-1.3946949538588904,1.335858911319818,0.34,37.0,2.9469432706978256,0.11859536522376199
2.168703680249077,0.803,-0.051885415703918865,-0.8741935418604732,1.619719265611727,0.26,29.2,2.8344207036815328,0.5657297878311269
0.8142475957319202,0.397,-0.007687558485308625,-2.5086383061657274,0.6711728427150833,0.83,70.4,3.4073909044707316,0.7958800173440752
1.5678494505731069,0.301,0.0,-1.486782399932061,1.2174839442139063,0.44,35.4,3.0354297381845483,1.4215216663369772
2.3948192745733983,0.635,-0.01306002979550787,-0.6987529113637886,1.5400790888041727,0.31,32.1,2.8041394323353503,1.0191163320063514
2.8026232349913336,0.504,-0.007687558485308625,-1.1726307269461749,1.8881233072979084,0.46,37.9,2.9175055095525466,1.918528356839608
2.560814941197052,0.532,-0.04488198115916315,-1.3251388592621884,1.723865964443504,0.51,40.5,3.035829825252828,1.9329149379497863
1.7609499514108973,0.553,-0.046472287041985444,-1.9546770212133426,1.3222192947339193,0.35,37.8,3.041787318971752,1.1157103380123794
2.1086326655804757,0.613,0.0,-0.7073009969560703,1.3306166672944384,0.24,28.9,2.7466341989375787,0.7123129086813654
2.199261380177078,0.419,-0.007687558485308625,-0.9051796196452001,1.423245873936808,0.62,33.4,3.1089031276673134,1.8201620361094928
1.2875778090787053,0.439,-0.008605740627880332,-1.1481303992702336,1.09725730969342,0.56,47.5,3.1693804953119495,1.03239712548898
3.1642189772631553,0.894,-0.013924137670431295,-1.158640529545145,1.978864984347657,0.34,33.4,2.90687353472207,1.6670792054642167
2.928242183157309,0.354,-0.04211612604666654,-1.279014255846261,1.9324737646771533,0.54,39.6,3.0499928569201424,2.5748354152207997
1.443262987458695,0.633,-0.003920952362836466,-1.6382721639824072,1.0257153839013406,0.35,36.7,3.0038911662369103,1.0114858599994059
2.2636124006689817,0.46,-0.02052937397987774,-1.0655015487564323,1.462697408101717,0.58,32.0,3.0580462303952816,1.7214808547700493
2.3354177792535475,0.553,-0.0009950149700419621,-1.2967086218813386,1.58849580100721,0.46,43.3,3.1522883443830563,1.7879313542757382
2.0224696127677695,0.352,-0.04594782432923697,-1.3840499483435988,1.1553360374650619,0.85,58.3,3.3902283624691303,2.2978217674614734
2.01237316722249,0.449,0.0,-1.6179829574251317,1.3500540935790302,0.63,37.0,3.000434077479319,1.500648063371912
2.4963622051155134,0.421,-0.012187113563450308,-1.0856568428805593,1.666049738480516,0.58,32.8,3.0629578340845103,2.029050826280837
2.984495808974467,0.395,-0.02131773325983918,-0.9982662871909994,1.8818979735730113,0.57,31.1,3.0034605321095067,2.074302514002291
2.0396916616490257,0.354,-0.06021763508761821,-1.021819483062586,1.331427296520743,0.29,31.5,2.824776462475546,1.1254650322176916
2.3408603620648796,0.438,-0.004876856380596095,-1.3160528692484879,1.5520595341878844,0.71,55.1,3.2227164711475833,2.4264364001111516
2.1418572232383672,0.379,-0.07823618044083235,-1.485452247339714,1.4756711883244296,0.75,54.1,3.392696953259666,1.908367046331012
2.582847113905814,0.39,-0.03420323438536734,-1.0710923097560474,1.6821450763738317,0.35,35.0,2.9057958803678687,1.8815444203571723
1.6858312746260635,0.642,-0.02052937397987774,-1.578396073130169,1.1945143418824673,0.44,38.1,3.0318122713303706,0.642068627341504
2.599795767925861,0.362,-0.08158506833349022,-1.401209493236885,1.6903733069160591,0.74,55.4,3.325720858019412,2.490011884523981
1.911690158753861,0.615,-0.00951470415829851,-1.4841261562883208,1.4326486600131068,0.41,36.3,2.9858753573083936,0.9284214584877818
2.550313980144907,0.583,-0.002955402580175449,-1.140861702705469,1.6079908585471747,0.41,39.8,2.9804578922761,2.1784027814998095
0.9934362304976118,0.578,0.0,-2.2518119729937998,0.6683859166900001,0.42,44.2,3.103803720955957,0.6296134453781831
1.7230449916434452,0.388,-0.014779517263537918,-1.0496351456238768,1.3308194664958368,0.31,31.0,2.7774268223893115,1.044696517110194
2.762085598416036,0.393,-0.0067600736709773675,-1.3946949538588904,1.9152942830226865,0.44,34.4,2.929418925714293,2.1451124613446595
2.299768711919799,0.757,-0.03086137765159898,-1.0925886392254138,1.6211762817750353,0.29,32.6,2.824125833916549,1.220199646501801
1.5284024379536174,0.437,-0.001980119521341321,-0.6024075659618833,1.1238516409670858,0.37,31.5,2.919601023784111,0.7859701251320095
2.4348881208673157,0.498,-0.0058232014446408294,-1.2967086218813386,1.6449307079135873,0.68,33.1,3.0051805125037805,1.9752042613226082
2.7083359026822635,0.386,-0.00951470415829851,-1.344861565188618,1.7821858664920163,0.63,45.3,3.1264561134318045,2.376966370116405
2.068631063714317,0.372,-0.07683649465877583,-1.401209493236885,1.4443571256560277,0.59,44.1,3.184691430817599,1.9568021147521304
2.182984967003582,0.678,-0.02131773325983918,-1.6345120151091004,1.426836453803508,0.52,37.4,3.0663259253620376,1.2182071658330023
2.374455052409963,0.436,-0.022870417001178332,-1.424812155072339,1.5024271199844328,0.81,43.7,3.251638220448212,2.2803484156699145
2.192455938511975,0.357,-0.023634888462045554,-1.1778319206319825,1.4598446423882079,0.63,45.1,3.1795517911651876,1.8499044224220125
2.2926547301979867,0.611,-0.022098056333179395,-0.8642314854321778,1.5720579899263045,0.28,28.2,2.7701152947871015,0.7052648623174043
3.0055965835366028,0.31,-0.0067600736709773675,-1.3269790928711038,1.8211858826088454,0.5,34.7,3.00987563371216,2.565376684144681
2.6201464695846597,0.403,-0.037375149180317806,-1.0530567293021746,1.7421750432236771,0.28,30.7,2.802089257881733,1.5864522698522279
2.747970825460336,0.689,-0.04999058675665973,-0.8863908489269722,1.898615497416186,0.3,29.8,2.8273692730538253,1.2686013707396633
1.6993173010213822,0.931,0.0,-1.4353339357479107,1.1058506743851435,0.35,35.1,2.9858753573083936,0.45598623906731933
2.2624510897304293,0.498,-0.0058232014446408294,-1.0515870342213989,1.5018804937550587,0.61,36.9,3.079904467666721,1.9337580047934129
2.2687183461172937,0.403,-0.06340962948156852,-1.4190750243243806,1.4862887609605664,0.62,41.7,3.1156105116742996,1.8599784416420209
1.637789829362229,0.377,-0.0009950149700419621,-1.4841261562883208,1.2013971243204515,0.62,51.8,3.256717745977487,1.731927044691239
2.505068540469512,0.441,-0.001980119521341321,-1.0039263455147247,1.5690225860295637,0.6,33.6,3.0655797147284485,2.0283922930053913
2.7423873026070402,0.324,-0.07404482345423581,-1.2557070168773237,1.7515100502700414,0.65,33.0,3.048053173115609,2.228033157937835
2.0720659914147457,0.656,-0.04324010259249416,-1.3439017979871681,1.4476230977602862,0.37,39.5,3.0236639181977933,1.3305152321703282
1.0704073217401198,0.597,-0.05325379835276696,-1.7375489102695705,0.8698182079793282,0.38,41.4,3.012837224705172,0.09131515969722287
1.3092041796704075,0.539,-0.019732904084601658,-2.5528419686577806,1.0842186867392387,0.54,50.9,3.171726453653231,0.8896658080259583
2.296818701580489,0.553,-0.0009950149700419621,-1.530177984021837,1.514414920580369,0.48,50.8,3.1917303933628562,2.046581000223641
2.1000947150149893,0.553,-0.0009950149700419621,-1.4179366370882913,1.4531653925258572,0.49,37.5,2.983175072037813,1.427802464040138
1.966657884201758,0.536,-0.010414532460317861,-1.5272435506827877,1.3463529744506386,0.43,34.2,2.8819549713396007,1.2547655324161473
2.9460197203351033,0.528,-0.02131773325983918,-1.1272611725273312,1.9419087743655994,0.42,34.3,2.971275848738105,2.075889882116446
2.3088844144220166,0.562,-0.02052937397987774,-1.2700257143004443,1.6115108871266564,0.36,36.2,2.984077033902831,1.640709952883036
1.8905886677054873,0.386,-0.04096810820130223,-1.1972262747080242,1.4117880045438689,0.5,37.8,3.072249897613515,1.2246366386814402
2.2881373948820665,0.381,-0.0058232014446408294,-0.9718355805755301,1.6494322232416165,0.34,33.3,2.8609366207000937,1.6388884247050755
3.1083620349551717,0.426,-0.03288733358619629,-1.3851027839668655,1.9265996539070276,0.53,44.7,3.141763230275788,2.723724047121717
1.951434665532013,0.451,0.0,-1.764471553092451,1.3710678622717363,0.53,60.0,3.3092041796704077,2.0081315622406626
2.172310968521954,0.538,-0.0058232014446408294,-0.8338660296948909,1.5249151475398668,0.35,28.8,2.8627275283179747,1.1864477607749173
2.4873363799338892,0.489,-0.01306002979550787,-1.2984320149440727,1.6356847625472226,0.43,34.7,2.8530895298518657,1.761950379071654
2.1473052380761946,0.493,-0.0058232014446408294,-1.1624115617644888,1.6020599913279623,0.31,28.4,2.762678563727436,1.1410105533423238
2.972425021781883,0.452,-0.028771314875237673,-1.2104192878355746,1.9302866472455196,0.61,38.5,3.0806264869218056,2.393993503712471
2.1255463236711902,0.551,-0.029475236858385875,-1.4828041020500258,1.5689054149828787,0.49,38.0,2.957128197676813,1.5665140909791582
2.274273337758418,0.654,-0.036753981622906634,-0.721246399047171,1.5399538416563967,0.4,29.0,2.8686444383948255,1.027471927021278
2.069483093934611,0.422,-0.025881690628356345,-1.3391345219961308,1.4473131088235682,0.36,39.4,2.9537596917332287,1.438289134300749
1.2000292665537702,0.959,0.0,-1.5157001606532141,0.865103974641128,0.32,33.9,2.8790958795000727,-0.8477116556169435
2.9039847969050228,0.437,-0.04324010259249416,-0.9825492704894638,1.825945143203848,0.3,30.2,2.8115750058705933,1.796997321458812
2.143857575593957,0.436,-0.002955402580175449,-1.5466816599529623,1.5280163411892014,0.57,32.7,2.9614210940664485,1.8514907258393678
1.8950908969343994,0.28,-0.001980119521341321,-1.6497519816658373,1.2550311633455513,0.63,39.2,3.0629578340845103,1.7255032688593155
1.5097400155703824,0.345,-0.0901783487301753,-1.812479279163537,1.0253058652647702,0.71,70.2,3.387033701282363,1.1075830311913217
2.0389776223326916,0.512,-0.06374498462014544,-1.5331323796458904,1.4508646923797661,0.68,43.8,3.0948203803548,1.8440575900400122
2.1738852403687914,0.404,-0.08744583753339107,-1.4179366370882913,1.373279893277496,0.67,62.8,3.3324384599156054,1.7715580860129303
2.5091621835089706,0.27,-0.004876856380596095,-1.518557371497695,1.5542468081661105,0.64,41.4,3.124178055474675,2.375308718975659
3.0603464862058916,0.442,-0.07823618044083235,-1.4282911681913124,1.949585151326652,0.7,49.4,3.290034611362518,2.55002277913247
1.8699940001217419,0.362,-0.0009950149700419621,-1.9746941347352298,1.2397998184470986,0.59,34.8,2.951823035315912,1.3989030738146468
1.7460111077519258,0.82,-0.03420323438536734,-1.6073030467403342,1.1316186643491255,0.29,35.4,2.843855422623161,0.4891143693789194
2.658106835506393,0.338,-0.025881690628356345,-1.6197887582883939,1.7016543173257481,0.59,38.2,3.0145205387579237,2.304936226363964
2.128722284338427,0.443,-0.060954730556589176,-1.3840499483435988,1.3617278360175928,0.36,35.0,2.9095560292411755,1.4452148760562171
1.4085791254086675,0.395,0.0,-0.9473060580750321,1.0322157032979815,0.28,25.2,2.776701183988411,0.5635997288815311
1.7780064614235083,0.482,-0.002955402580175449,-1.5044556624535514,1.1535099893008376,0.72,40.6,3.1283992687178066,1.417172649517775
1.2054750367408908,0.888,-0.03288733358619629,-1.7619538968712045,0.951823035315912,0.36,35.3,2.9132839017604186,-0.33818731446273875
2.171082577357526,0.508,-0.04379321757445775,-0.7408841558149337,1.513217600067939,0.39,30.5,2.912753303671323,1.2911578466516194
1.7986506454452689,0.696,-0.022098056333179395,-1.5528419686577808,1.1510632533537501,0.38,33.3,2.9360107957152097,0.5564231213712854
1.9985644582609416,0.386,-0.002955402580175449,-0.9702105291681443,1.2973227142053025,0.33,36.9,2.931457870689005,1.3344939818457504
2.239074138235894,0.3,-0.019732904084601658,-1.709965388637482,1.3694014136966244,0.59,42.4,3.106870544478654,2.0708188939612504
3.0159294978370585,0.766,-0.029475236858385875,-1.106793246940152,1.9562645026982755,0.31,32.9,2.8796692056320534,1.5842633605527348
1.801129187579704,0.494,0.0,-1.5917600346881504,1.3622939379642311,0.61,45.5,3.1136091510730277,1.5631190224456344
1.531095546870028,0.457,-0.0009950149700419621,-1.1402614338028532,1.1129399760840801,0.64,46.2,3.1547282074401557,1.5387747495391662
2.4211760018520927,0.563,-0.03288733358619629,-1.2636034977233577,1.607776603741693,0.36,37.4,2.9845273133437926,1.7559281868078978
2.5139496880967758,0.903,0.0,-1.1487416512809248,1.6843066460716316,0.34,31.0,2.8715729355458786,1.0455576691365478
3.100687533313213,0.47,-0.055860544797773005,-1.2298847052128983,1.9448279963432162,0.7,36.4,3.1061908972634154,2.2197259501212785
1.7000977046130539,0.656,-0.0067600736709773675,-0.9072793553159009,1.1580607939366052,0.27,32.4,2.8068580295188172,0.7694142543089657
1.7694511794020376,0.273,0.0,-1.6968039425795112,1.1251558295805302,0.59,38.3,3.0788191830988487,1.8104543145673884
1.5029730590656314,0.393,0.0,-1.5686362358410126,0.9973863843973133,0.71,11.9,3.369215857410143,1.635282637998212
1.0813473078041325,0.879,-0.042681090922319774,-1.790484985457369,0.800717078282385,0.38,40.8,3.012837224705172,-0.06499684854634524
2.7013348021680135,0.443,-0.050948210011226985,-1.413412695328245,1.736555847162636,0.67,41.3,3.115943176939055,2.3821521754334714
2.1154440834362394,0.405,-0.019732904084601658,-1.0150228735845066,1.430880946452891,0.34,36.2,2.910624404889201,1.5909476881237845
2.538070787043172,0.322,-0.019732904084601658,-1.3882766919926581,1.6885977750811698,0.47,32.7,2.973589623427257,2.1288820882191013
2.5653636882312343,0.339,-0.01811533175001856,-1.0899094544059318,1.721315880605899,0.6,37.3,3.089198366805149,2.302098131222854
2.5998503350748985,0.555,-0.008605740627880332,-1.3925449767853315,1.7293268096468608,0.41,35.8,3.009450895798694,1.9407803681360551
2.6485746653089937,0.366,-0.02131773325983918,-1.4412914294668342,1.7918309476748362,0.62,43.4,3.13640344813399,2.4268527070353696
2.96386335025365,0.481,-0.0067600736709773675,-1.3565473235138126,1.8695837077134239,0.49,40.1,3.084576277934331,2.4204112710216403
2.576525627065205,0.507,-0.029475236858385875,-1.3178549236261683,1.6297153326471323,0.66,39.9,3.098643725817057,2.091615978629592
2.6097757719946575,0.453,-0.07360733110511761,-1.2055119533408303,1.6253124509616739,0.66,54.5,3.2474822606770544,2.252963410241931
3.265805662759238,0.448,-0.02052937397987774,-1.1040252676409354,1.893983567211847,0.62,35.0,3.1099158630237933,2.7595488694711503
3.5066551830422896,0.437,-0.08243110335459311,-1.391473966422806,2.0692980121155293,0.69,43.4,3.2065560440990297,2.923908426400411
2.4652340949880145,0.4,-0.010414532460317861,-1.4801720062242814,1.458788881710845,0.69,42.0,3.12515582958053,2.2558102146989527
1.8100307864058394,0.394,-0.0009950149700419621,-1.2814983111327258,1.2842050677017942,0.62,55.6,3.2362852774480286,1.783317457827
2.850033257689769,0.476,-0.052346484925647106,-1.0619809025237896,1.902981399797503,0.29,31.1,2.800717078282385,1.5682486722840996
2.4123261221462435,0.399,-0.002955402580175449,-1.3124710387853658,1.625209525381881,0.49,40.2,3.090258052931316,2.002066659604745
1.8705209500127642,0.629,-0.011305308246601213,-1.4190750243243806,1.1852587652965851,0.35,37.4,2.9595183769729982,1.058217178825713
2.3409197934001624,0.454,-0.017294077416794017,-1.1992829217176149,1.599337132992489,0.65,41.7,3.171433900943008,2.0707284922395313
2.1357367435094736,0.469,-0.0009950149700419621,-1.269217724333611,1.4812992733328558,0.3,31.7,2.7958800173440754,1.071808391833129
2.6186650889403156,0.451,-0.016464408671544892,-1.4067139329795428,1.707229419327294,0.68,39.4,3.085290578230065,2.394598755663657
2.8750033536000412,0.298,-0.010414532460317861,-1.3565473235138126,1.7789467279686166,0.6,38.3,3.0595634179012676,2.6718196355612687
2.0811311871318927,0.568,-0.024391543315236672,-1.193820026016113,1.4879863311293935,0.53,36.9,2.989004615698537,1.3109268553716933
1.927473020995276,0.532,0.0,-0.6280090885350851,1.3989810666581313,0.37,31.1,2.8543060418010806,0.9836713828601966
2.45250710370913,0.385,-0.02052937397987774,-1.1343039400839294,1.586812269443376,0.62,39.3,3.0610753236297916,1.8291879455248568
1.736157375273132,0.338,0.0,-1.0395292224657011,1.2907022432878543,0.52,35.8,2.9960736544852753,1.5644648458139108
2.7569098328487067,0.509,-0.013924137670431295,-1.0649968485463452,1.899218417851373,0.25,27.7,2.7634279935629373,1.4385739902186339
2.484570299217411,0.622,-0.011305308246601213,-1.0310503190186573,1.5384480517102173,0.34,33.0,2.905256048748451,1.561161035387616
1.4622482153549974,0.443,-0.022098056333179395,-1.0851281824599497,1.1522883443830565,0.6,40.2,3.0729847446279304,1.2023248128295483
2.2328436996231207,0.365,-0.007687558485308625,-1.234331445240986,1.52283531366053,0.53,34.6,2.9978230807457256,1.6859386934942597
1.6858312746260635,0.906,-0.042681090922319774,-0.9277501023864853,1.248463717551032,0.24,29.9,2.8363241157067516,0.05269394192496786
1.402433346219312,0.499,-0.019732904084601658,-1.4559319556497243,1.0982975364946976,0.45,44.2,3.1598678470925665,0.9806849743633146
1.8747716371842982,0.276,-0.07468222763515246,-1.0362121726544447,1.2237554536572413,0.28,31.8,2.7596678446896306,0.8528458180149968
1.7284349509742547,0.955,0.0,-1.2700257143004443,1.0916669575956846,0.34,32.8,2.886490725172482,0.0318122713303704
2.2598326990634834,0.537,-0.028060068072539014,-1.3829996588791011,1.4473131088235682,0.44,43.8,3.157456768134226,1.9130133777353162
1.9682961150462555,0.321,-0.03154373070579831,-1.0287241512618948,1.473632926873841,0.35,36.1,2.9095560292411755,1.4745950135226429
3.3067958960435786,0.47,-0.02052937397987774,-1.0366844886138888,2.0849692884749875,0.5,38.9,3.0595634179012676,2.454945421823927
2.0460266697025413,0.352,-0.07569606875548962,-1.563837352959244,1.3269499941659988,0.55,60.5,3.269045709657623,1.983662364087664
2.696889099378061,0.381,-0.001980119521341321,-1.4168012260313771,1.7836892363473165,0.61,41.0,3.050379756261458,2.5258989433105783
2.7911360258157587,0.474,-0.001980119521341321,-1.2218487496163564,1.7972675408307164,0.66,41.0,3.0576661039098294,2.394618011776075
2.2610248339923973,0.567,-0.001980119521341321,-1.5044556624535514,1.4759615891924238,0.53,35.4,2.9800033715837464,1.4999962012472263
2.411855305718946,0.33,-0.025881690628356345,-1.260427655549908,1.627570664180543,0.6,50.9,3.204662511748219,2.353289040757886
2.307346255369254,0.427,-0.002955402580175449,-1.391473966422806,1.5399538416563967,0.45,35.8,2.8796692056320534,1.7914099156671601
2.4842428789582325,0.587,-0.05325379835276696,-1.1662156253435212,1.7637274037656983,0.5,35.7,2.9740509027928774,1.981501488148247
2.2665609392868418,0.477,-0.03086137765159898,-1.4377071355435254,1.394626764272209,0.62,59.6,3.2237554536572413,2.2021162556196994
2.0103847714983774,0.479,-0.018928248553534203,-1.274088367704952,1.2776092143040911,0.33,35.7,2.92272545799326,1.1826143477363498
1.339848783037637,0.302,0.0,-2.214670164989233,1.209783014848515,0.45,40.5,3.0236639181977933,1.1632657303224727
2.123721006440036,0.468,-0.016464408671544892,-1.1811145854059901,1.4209454059219722,0.31,28.5,2.7693773260761385,1.1112288982341556
2.32209519286655,0.555,-0.012187113563450308,-1.4710832997223453,1.5312233745330268,0.45,42.9,3.1264561134318045,1.8478625033192277
3.6615258997402096,0.473,-0.076276378789425,-1.2724587429714436,2.1153441958714407,0.58,41.6,3.1535099893008374,2.9968818904521624
2.386570301700929,0.492,-0.0067600736709773675,-0.8890737577335797,1.511348515490213,0.61,36.6,3.080987046910887,1.7759670564540047
2.311139058288992,0.388,-0.022098056333179395,-1.2403321553103694,1.5236164190543708,0.35,36.6,2.932980821923198,1.5629824285081129
1.99334803992326,0.428,0.0,-1.47755576649368,1.352761191723831,0.59,52.5,3.278753600952829,2.1689554315107724
3.195703207297499,0.575,-0.013924137670431295,-1.0172766123314547,1.9748799730069304,0.34,34.3,2.9122220565324155,2.223296010460174
2.630570243320645,0.699,-0.029475236858385875,-1.1662156253435212,1.7962273140294387,0.32,33.1,2.8394780473741985,1.4099331233312946
2.286703412934269,0.645,-0.036753981622906634,-0.9215431819467074,1.5749567757645069,0.34,28.9,2.8567288903828825,1.0500896140736904
2.3819810000434645,0.476,-0.003920952362836466,-1.4179366370882913,1.5464192668351917,0.51,40.6,3.1051694279993316,1.8930290002764791
1.4680517914542377,0.367,0.0,-1.2225731776106885,1.1547282074401555,0.52,36.6,3.0330214446829107,1.351419419994181
1.5265977091034522,0.623,-0.014779517263537918,-1.6695862266508092,0.9740509027928773,0.42,39.3,3.064832219738574,0.7248900028380364
1.94571471405986,0.625,-0.008605740627880332,-1.176525770829699,1.2942457161381182,0.35,35.8,2.929929560084588,1.0848264166974333
2.31270614559789,0.531,-0.0009950149700419621,-1.458420756053419,1.6295115342004531,0.44,36.2,2.9684829485539352,1.712102280382022
1.8580557180503643,0.598,-0.023634888462045554,-0.8018930011265986,1.4072208929273964,0.31,28.6,2.812244696800369,0.4729026518036641
2.1936810295412816,0.406,-0.06203023288698468,-1.2572748686953017,1.4885507165004443,0.69,57.4,3.2619761913978125,2.0042482685588388
1.5109469486729727,0.949,0.0,-1.7986028756795485,1.1251558295805302,0.31,33.2,2.857935264719429,-0.10568393731556154
1.83007516642975,0.691,0.0,-1.4190750243243806,1.417969642214737,0.4,33.8,2.921166050637739,1.1585735561722559
0.8555191556678001,0.398,0.0,-2.2291479883578558,0.6627578316815741,0.5,37.1,3.060697840353612,0.8823537463887139
2.151982395457474,0.572,-0.001980119521341321,-1.3458234581220394,1.549248556854056,0.36,37.9,2.9479236198317262,1.558060244257268
1.8042076050820415,0.485,-0.002955402580175449,-1.3062730510763532,1.2973227142053025,0.63,48.9,3.1728946977521764,1.4655315569735499
3.0382743370155154,0.478,-0.014779517263537918,-1.214670164989233,1.9571761304048463,0.59,49.8,3.185825359612962,2.495302841533824
2.2597849455330707,0.435,-0.06307051479852445,-1.2700257143004443,1.664171705361931,0.66,52.3,3.244524511570084,2.0400918034635156
