			Presets			
			Optimal			
			Weights and Biases Start File Number			
		0	1	2		
		0.0013606272144452243	0.000842793910631879	0.0009100889929008621		
	0	10001	3500	7500		
		31683168	11091168	23763168		
		0.0010268074905269641	0.0013967966237302743	0.000874442667524882		
Random	1	6000	10001	2500		
Split		19011168	31683168	7923168		
File		0.0008165701952925071	0.0010641014201844521	0.001521203509511413		
Number	2	10001	6500	10001		
		31683168	20595168	31683168		
		0.0009100001471033303	0.0009644603132420861	0.001084899496860171		
	3	2000	3500	10001		
		6339168	11091168	31683168		
						
						
						
						
						
						
						
						
						
						
						
						
						
						
						
						
						
						
						
						
						
						
						
						
						
						
						
						
						
						
						
						
						
						
						
						
						
						
						
						
						
						
						
						
						
						
						
						
						
						
						
						
						
						
						
						
						
						
						
						
						
						
						
						
						
						
						
						
						
						
						
						
						
						
						
						
						
						
						
						
						
						
						
						
						
						
						
						
						
						
						
						
						
						
						
						
						
