# Weights from input to hidden nodes:
-1.4913068571299333,-2.704787021633029,2.2879917138564627,1.4131745998151553,-1.164045910415017,1.3571671872767384,-0.7064495916008328,-0.7768074071596228,0.5509276347814237,-2.342815540310873,-1.9011292715778065,-1.6139422458963089
0.08089794747897322,1.2008448806427805,-1.1977948861793881,-0.9671269748289824,0.3930736643119914,-0.6865307688558808,0.18987333691324979,0.07577944691355105,-0.19885664987231402,0.8744186224801297,0.31127160013844657,0.05590143359354735
-0.09465677846190158,-0.42023621293576363,-0.05099218312982846,0.3559154046709114,-0.39798644907284986,0.2720862743618278,0.04372407165880044,-0.2955628207449516,0.07692405097523289,-0.3203801273525545,-0.5546572961615367,-0.3694698140001205
-0.13208979148175204,0.3401431420828565,-0.43505784299060585,-0.24247247965659366,0.18251705828387255,0.03993068340229105,-0.19126420128018937,-0.007093875492215625,0.03947962648942736,0.10574603130439326,0.02620702650936623,0.23394868182721132
-0.03339982857370886,-0.8366670362221297,-0.248663592040695,0.25510978080770463,0.015516824991108246,0.24655241895807084,-0.13322377932087828,-0.2427390082120865,0.10158683374322731,-0.6687738752351842,-0.03664532972095531,-0.22678517582532456
-0.2239117479337739,-0.7815236604903822,0.24736531677538487,0.46149548714768895,-0.32439219472741126,0.07200721514022655,0.30619183541826306,0.22080479045812829,-0.03234612828647649,-0.47388523599674054,-0.1574523590163861,0.02248169830619975
-0.22120666367146874,-0.9221124171834475,0.7562446038997067,0.5191830515729493,-0.2547901761243217,0.6069228887746847,0.11347844314350636,-0.18940160819360635,0.42537274809488185,-0.49781480429201064,-0.6973381873925527,-0.536054186137663
# Weights from hidden to output nodes:
-1.280597076400219
0.8317979259266255
2.5542334038698153
0.9612848250351718
-1.1255715076647481
1.0957823306783905
-0.7172219744449189
-0.7999519400930377
0.487428328701833
0.044049839661744083
-1.3300043772691619
-1.2253239048894617
# Biases from input to hidden nodes:
0.28511820894329704,0.21175159287616976,-0.9023016231791317,-0.12500152396645065,-0.1315883786294098,-0.4342819462142242,0.14419749461800352,-0.19678470941345313,-0.07631385552038107,-0.08599340021256545,0.38965655245993314,0.277938154877476
# Biases from hidden to output nodes:
-0.7282213438820518
# Number of epochs trained for:
4000
# Mean squared error of finished training:
0.0014089419075547591
# Number of backward pass calculations:
18308576
