# Weights from input to hidden nodes:
0.5537196712426377,0.21999216558915144,-0.5898825147783546,0.6690295047839825,0.5317441340663779,-0.6185045442373808,0.3522553526760338,0.04261433272123687,0.2363144218684619,-0.378745008791108,0.16866358278449153,-0.0003275519431316469
-0.27309132013689263,-0.1460179071090899,0.3865563548010621,-0.34781832797885665,-0.3087873178536102,0.5379900428030475,0.060484186152769896,-0.19478814709615266,-0.32773457497964464,0.036173811009235085,-0.33669073280588563,0.22119221396926753
-0.20943631230616203,0.10179006180144526,-0.11399964746542339,-0.28251453966610246,-0.1395537667447885,0.03758646343938179,-0.2197898701031495,-0.2092167117477672,-0.2519812887230781,0.20315809940899499,-0.031836048647875016,0.006513359598143268
-0.2465818649448893,-0.10724129544275857,-0.11203423344353666,0.06157757203126839,0.13893432980459108,0.20786103657043717,0.13070333267232306,-0.004774136786774037,-0.11195881016217603,-0.17225047235915103,0.18346907893065514,0.26021812050176535
0.40200318225874326,0.12207930004319076,-0.495122129185161,0.6264272743236351,0.2675470993569243,-0.5221114250930576,0.227390982129141,0.14125080409852409,0.27862538774268725,-0.4479825013782401,-0.02570398430310015,-0.23924200338425197
0.576178564309947,0.11306787307073328,-0.38744122323754615,0.5163728876656535,0.4195716692588055,-0.5141819340851547,0.21431830475702066,-0.08749594225274282,0.10528773153098639,-0.24710953481473008,0.3815262760450754,-0.0006164975718499933
-0.09099665597279119,-0.16281365400227701,-0.01285690957755796,-0.01745417319557596,0.018307006981100486,-0.028637009432455476,0.2663849291742186,-0.20672042864762652,-0.07479628000797202,0.0977918475479788,0.1841230489957949,-0.2235539192218993
0.24683486643424907,0.3665518389280328,-0.502151128096198,0.3435945092279723,0.11014958860469372,-0.5639194499271769,0.21589215297895467,-0.24706911931277878,0.3700161644005768,-0.29663392039682246,0.049105464920853395,0.009768664558679882
# Weights from hidden to output nodes:
0.8417106469930336
0.2803753437548515
-1.1358986794328791
0.9903918378179383
0.637129556133688
-1.3380678636363408
0.26130847566288157
-0.16283988196121255
0.4049846082824921
-0.7397626995065602
0.3027550256602827
-0.39984505202550735
# Biases from input to hidden nodes:
-0.1823973184144085,-0.21650955049839027,0.019473600584874497,-0.21179811841846635,-0.24783731917973867,-0.00408692258861614,0.12218853862609742,-0.14300346292956853,-0.09303646391723196,-0.08172859495227404,-0.0775716025095589,-0.1757343761492881
# Biases from hidden to output nodes:
-0.4537761934069409
# Number of epochs trained for:
10001
# Mean squared error of finished training:
0.006317993624560204
# Number of backward pass calculations:
45764576
