# Weights from input to hidden nodes:
0.12807228055169462,0.040694131211234996,-0.11819829223870504,1.9649315444981272,0.4004459297458852,-0.5621495523725499,1.329494282736534,0.09949785979503206,0.05344970006928024,-0.09359424015982432,-0.05338193424884064,0.3799408957155674
0.10989300330804336,0.008519549469818977,0.012773489054076215,-0.4544781659242996,-0.009963851169776427,0.9350893694994369,-0.313810333287214,-0.24026779102623874,-0.16244978306193703,-0.19456568354516035,-0.15646096414442232,-0.5276715364584121
-0.18173145419638964,0.11151610679568247,-0.08984955144935264,0.46423859259381794,-0.18542329402472058,0.28375662183673284,0.11439483250091813,-0.20612431776218615,-0.24456649630634109,0.2171528595793148,-0.05536887272076308,0.033579879228488416
-0.1697403413730239,-0.08064646618432936,-0.16121091935045828,0.06634693868176902,0.15587458119259148,0.2382710073562544,0.005552108941054464,-0.01092701914837868,-0.07782257377767932,-0.20556372413112056,0.1843563104415245,0.4940218174396246
0.017648203208899538,-0.04021017626593526,-0.06826468978352518,0.39759799545664876,0.11604618975251785,0.6832996634089749,0.21543033092396952,0.19269156234659823,0.11376051104619544,-0.19022203140475058,-0.22736006428394692,0.31188940781182733
0.14029841560764067,-0.07436698952354015,0.05933275110205821,0.006161159208314908,-0.05994324825823212,0.0026812449948111993,0.03794418865745391,-0.03437058867792542,-0.07506395905018892,0.020711084648512346,0.12705239771746996,-0.2845390374059697
-0.20952530354337534,-0.21726564152217642,0.11558417850888575,-0.13064560285841514,-0.04850364965891616,-0.6249794149418042,0.16491400822659869,-0.19173953003938582,-0.1214301183757876,0.17253196967433054,0.0973521525018669,-0.0975454179023298
-0.10226274792291606,0.21542554486401222,-0.14478320895974411,0.10583053906570142,-0.17589263685706685,-0.6912462188194635,0.15656629379899517,-0.2046975365297693,0.22666967048928166,-0.08316653499233789,-0.15444082196128064,-0.8034358766338159
# Weights from hidden to output nodes:
0.13837014433100167
0.04751454578007877
-0.12685226211872908
1.1532954297339133
0.41082065349751085
-0.9535291330101496
0.7406057317694928
-0.09605195110302436
-0.09088969628922075
-0.08573213477583115
0.06301977569517425
-1.0483682883854664
# Biases from input to hidden nodes:
-0.08808808878756857,-0.18691867118388283,-0.03926753984954978,-0.6461709356314058,-0.24864060526217124,0.15603917034703393,-0.3896150925903421,-0.1507753412251857,-0.04874894395381468,-0.12328399577252103,-0.08820914415265524,-0.15521284667129107
# Biases from hidden to output nodes:
-0.5212254903291375
# Number of epochs trained for:
3000
# Mean squared error of finished training:
0.001097476760559891
# Number of backward pass calculations:
13732576
