# Weights from input to hidden nodes:
-0.3336656517726165,0.8429594238768491,-0.3817922948719453,0.0016262436468579985,0.09385174874897004,0.3427416738161079,0.5013990009160725,-0.7894488448640378,0.18741849804682564,0.10717585435628957,0.035338642607256804,-0.2895393100966384
0.2297896835533538,-0.8722989492136883,-0.09537610207162996,0.3305303303244092,-0.29524867649541947,-0.31861389708342586,-0.5603617191666993,0.32284255349320784,-0.42705523488841446,-0.4557132782982917,-0.18990485910770405,-0.039799401833784234
-0.24101917244375817,-0.2674985405008231,0.07424945322754391,0.04893749250255576,-0.03742463595086409,0.10710744926564338,0.09425393209108686,0.23339447524794696,-0.14883592939654644,-0.14343029547951977,-0.2654462675043687,-0.0958867287545491
0.1900896121921212,-0.17583488530774544,0.17925873442186344,-0.02329925217608702,-0.14266756907732217,-0.05600875431321397,-0.13538503679047495,0.013268820512061819,0.09869878406764114,0.03986660425111972,0.16269895572207949,-0.12832173571227923
-0.24258548754006953,0.5783769720894246,0.10921426118127965,-0.1868861939357701,-0.04131124505840451,0.22625286935596953,0.38131450120491406,-0.6008114200995164,0.3090830417771976,0.41466496130100744,-0.06710346675454859,-0.3404270421007983
-0.4169916238883908,0.6805433702030497,-0.2518994271184195,0.020134180351663217,0.04105286998714523,0.027394255953325845,0.30923839275066917,-0.8410532915366578,0.19479384420035825,0.4071544208073077,0.30546834865084366,-0.39561702964353795
0.022540208819196127,0.22278183619815964,-0.09557310821723135,-0.2523446471563867,0.060655237774219654,-0.09258907645940731,0.25827315981663823,-0.2849268031317248,0.1992987938100439,-0.1433745130643144,-0.15412174427504902,0.04356046148049954
-0.1973966614280925,0.3353502421951448,-0.3215236549173518,-0.08300453321461596,0.08869193532339438,0.11045417467059972,0.1443702475935556,-0.5908119134254713,0.004137761408125085,0.3207006408898108,0.13485951111638542,-0.16762364277382288
# Weights from hidden to output nodes:
-0.761098704798054
1.4322825083945427
-0.5089692369202397
-0.4467477253489579
0.06865288894178843
0.2884987298827997
0.7574391686441996
-1.459996645156226
0.4195341453126387
0.5734712589949328
0.11895423632319801
-0.6334063361560277
# Biases from input to hidden nodes:
0.006172725057639005,0.0002555054776887273,0.22594351148645658,0.10854602701876,0.06172751267771971,0.055650545300668944,-0.05968557878350701,-0.07535313378144089,-0.11442799140185525,0.07149898743536154,-0.07391479897669105,-0.09122679539022913
# Biases from hidden to output nodes:
-0.5134690792550807
# Number of epochs trained for:
10001
# Mean squared error of finished training:
0.0056170922075029425
# Number of backward pass calculations:
45764576
