# Weights from input to hidden nodes:
2.195798208308979,0.5680411726177285,-2.554642076050393,2.4439553796296396,2.169563902546159,-2.6849201590244944,0.41503865178512217,-0.8364867475137957,1.1766849646904518,-2.245611910237836,0.7243933829072209,-2.1264047531485444
-1.0379130380329133,-0.2532993944109234,0.8456139560705084,-1.266646175622698,-0.955576042987738,1.084574420498995,-0.10545352078344873,-0.3933251550732585,-0.6904940652398114,0.3466601773111101,-0.6155730171924727,0.13534766333627551
0.21860266344028398,0.1719559084171551,-0.8415494930016297,0.24176898078895606,0.4069177420701938,-0.721990474931084,-0.26333976936336345,-0.5750637453428646,-0.04985779168889926,-0.4290312732793057,0.05217849667144344,-0.7083401821420754
-0.5752271950434309,-0.19251165286473945,0.0030978762301250794,-0.18666839685697417,0.05954143120441638,0.3793404177412183,0.00045121799693339625,-0.16667621514844322,-0.24467903797573406,-0.12108746399047889,0.06263198317392146,0.14848384369947473
0.13063873173278784,0.07735390755859749,-0.7122053518144265,0.3505721202471088,0.2224720363248509,-0.7238104853803683,0.17005916942676963,-0.10192253259380439,0.26663942522715717,-0.739992868907434,0.0046619052311594475,-0.7263885745739289
0.4201450227735626,-0.01711003208624574,-0.06536259772065317,-0.0027845524773808996,-0.0993538827671181,-0.11632174803608684,0.10727410870252131,-0.04950568322597671,0.047366847081407884,-0.07918555978999037,0.31990697161788617,0.07583951816430587
0.0732430819507992,-0.2134727927164158,-0.09924979846652461,-0.04293543573262314,-0.11879325508421194,-0.09309055457282095,0.18439370569058397,-0.29900425929047,0.0018421062896889153,-0.012954097604596634,0.17925130576827028,-0.39056642039102357
0.9662056995361405,0.38747714350189894,-0.979066447720722,0.8005088765918775,0.303152935294699,-1.0459424620305264,0.1555684751611194,-0.43204852932253446,0.7127759449267584,-0.7787414736114548,0.18876604702446756,-0.5131179327515409
# Weights from hidden to output nodes:
1.8137933692553962
0.2911512192200916
0.2816515137542852
1.8058580821893044
1.780902288700243
0.34152329443647533
-0.08840720536097774
-1.0926458921931903
0.8196283660671282
0.203512910480797
0.34106156318430525
-0.969606867342101
# Biases from input to hidden nodes:
-1.3252953910713612,-0.5137411434106759,0.5171432305763952,-1.5304804805507424,-1.3325272307583511,0.5358199952551017,-0.09814866022734933,0.01996126437159458,-0.6487392871529261,0.4118935240368897,-0.45880944985288064,0.39880684164287045
# Biases from hidden to output nodes:
-2.6144443299935767
# Number of epochs trained for:
9500
# Mean squared error of finished training:
0.0013855117224404027
# Number of backward pass calculations:
43476576
