# Weights from input to hidden nodes:
-0.6176223288339391,2.386040814953618,-0.6829634742240583,-0.1675093090307482,-0.2318236088392731,0.8791978231975593,1.151408525821988,-0.6461510044949776,0.24983754851583276,0.049807018001435735,-0.43040246820460176,-0.5206861046253669
0.11547894362575169,-0.5262510294186846,-0.4682685396305098,0.2108194127545794,-0.27368773695841714,-0.30995460142411796,-1.8113775605476885,0.5530169491165796,-0.16343128468509913,-0.2648101952685193,-0.3099154034905268,-0.13358755206017822
-0.44497204081055486,0.4177477144015772,0.298354869915252,-0.04193709147462805,-0.032308503124756936,-0.030646484537272548,0.4571292740922609,0.27899527261703044,-0.03570135283911263,-0.04126887213440713,-0.34737780029648263,-0.05675561646313308
0.2422630302961433,-0.2596453543064101,0.2764551998651022,-0.09937954249327217,-0.1552740834706282,0.5463493054890681,0.39670977136570845,0.5728845341911112,0.20307077061289616,0.08337678176973881,0.12400193185306922,-0.21985235803219144
0.110236894529239,-0.1701613469708212,0.23968213520104653,-0.12252584026890116,-0.1500601814945886,0.41639889730035423,0.9383558481830588,0.6938009904460581,0.16283128411347653,0.20605410640928637,-0.24845603500881178,-0.1672473956684533
-0.07708438486892574,0.2916092702120359,-0.17079809590818637,0.15240815994789841,0.014908653531453523,-0.5031646896256753,0.17795232539864209,-0.23060016086954632,-0.08380273803038402,0.10629267224447748,0.32760266904657703,0.00012767296847226347
0.10412494605374212,0.4192882220363338,-0.20096909726807868,-0.2314439424680963,0.10600055437772778,-0.27720893888455245,-0.23242931427837993,-0.7006963971506467,0.12703012566857144,-0.22229482042717397,-0.058888666612086464,0.2470844948695875
-0.1686481199669133,0.19903143798009712,-0.5153501918846984,-0.06499787192531871,0.019437841866228177,-0.3447844479582577,-0.2758850763624266,-1.3310867125367758,-0.14470262121549202,0.1510856465280093,0.04632217989580583,0.04068110704320072
# Weights from hidden to output nodes:
-0.12179318993095319
1.6293184356641965
-0.40402123233056264
0.004139007564090841
-0.1724176252250976
0.42401142366297323
1.2702454159377954
-0.9836429374039504
0.047739382628763774
-0.007810741460261397
-0.2885139455604187
-0.23424968507448066
# Biases from input to hidden nodes:
0.37266257195764685,-2.4442975290014486,0.22795055094425848,0.14528769547716716,0.23805875451165864,-0.24421354353772684,0.5500458162814819,-0.5368039764968814,-0.13279299235806086,0.014783519215790015,0.11437847020996363,0.2893084254480623
# Biases from hidden to output nodes:
-0.38796982690504633
# Number of epochs trained for:
8500
# Mean squared error of finished training:
0.0010804691045306106
# Number of backward pass calculations:
38900576
