# Weights from input to hidden nodes:
-0.9032473653723362,2.025647578728072,1.8949123787187525,-3.1657854179260756,1.2661606085488222,-3.2953449861611195,-1.4255405399620558,-0.7855902715776182,2.338446778584592,-3.0840821740782958,1.824347883610843,-1.9392906179048093
-0.23095694569659245,-1.1345078670392224,-0.7840224441318225,2.0244836640690917,-0.37050909012266714,0.35788627816748747,-0.11861248887942649,0.07482462663716365,-1.3385826342251956,1.5053002144346823,-0.9709483156621164,0.11763877390376762
-0.14968373002782495,0.15894798514114483,0.01471766375086972,-0.48003213266883926,-0.05230554204213985,-0.6488693785797885,-0.44737918590606035,-0.2261653034521225,0.4969277937962688,-0.3716108029142161,0.29877606547154845,-0.32013673595188363
-0.11830552584977337,-0.3402771800746289,-0.29216616495198683,0.7623439721286785,-0.3565145930883082,0.262052546813117,-0.2713234081460342,-0.018072819693926327,-0.15059404633895562,0.35995313514620547,-0.11213527960860924,0.1603131760222716
0.10083360605927918,-0.0032838998750667485,0.032937633413873374,-2.6031439136290597,0.12019891409341325,-0.6510542834031694,0.14807101323179891,-0.2621041768790658,0.35871715361042017,-1.6291610628343203,0.029286788501096096,-0.22950931313370654
0.05515608583054915,0.3905690299701749,-0.04981616763303735,-1.5884792416254954,0.3535304602523634,-0.19769114030436397,0.016988088592619494,0.24526420248737116,0.3462195096682913,-1.1088237105563568,0.5630601807332705,-0.005175201170646779
0.03193487267323189,0.4601257531228587,0.016303941812571412,-0.22410787971163434,0.2508257885490958,-0.2343966532242803,-0.3119993181097937,-0.0037999558691253544,-0.011877577713373739,-0.19207521222397336,0.05545992603454058,0.10532071804794113
-0.09677456964851164,0.7929612352528677,0.09517989269676565,-1.3754597842907632,0.4558177101517783,-0.7441939026230417,-0.12437470082929707,-0.22619016323186655,0.5896326461711522,-0.7466356571359072,0.7581417711623627,-0.34541228180425787
# Weights from hidden to output nodes:
-1.0403491161388259
1.685356912968369
1.5540411514461865
-0.0757673687685221
0.9915683896475364
0.5102968857324617
-1.3871242823511625
-0.9853688353714234
0.8413448943939351
0.9478102067452631
1.4658539932086596
-1.3620025976241175
# Biases from input to hidden nodes:
-0.11065248235435385,-1.04444309561735,-0.6646053951700871,0.8642072193665383,-0.5404340960850449,0.8197640006280522,0.2310139740007171,0.06485689196026388,-0.7960939273108444,0.6948073905873968,-0.9778778904424663,0.08950853876610995
# Biases from hidden to output nodes:
-2.154524506598465
# Number of epochs trained for:
10001
# Mean squared error of finished training:
0.0013874551114466534
# Number of backward pass calculations:
45764576
