# Weights from input to hidden nodes:
-2.5318559497481217,2.7394607825587545,-2.821895696281479,-2.1553711316419784,-0.25503619302393515,1.1578293401238484,1.987662536456137,-2.0925201495203023,1.0361653872265786,1.0136693598863622,-0.4839312613104947,-2.117419974308244
0.4009941041172525,-1.429948640781647,-0.029222442945127602,0.34392249582961204,-0.37764780953070076,-0.4331655751485657,-0.8563845426607851,0.7148449113903013,-0.5834171231994922,-0.6726016396678718,-0.27848319232141283,0.07621804586757527
-0.6900402938556709,0.032982833861714064,-0.40231689302400486,-0.4149627785154482,-0.2024047077735798,0.2268729635407067,0.36129570726275034,-0.14056567923290114,-0.037463555008744036,-0.021002983250672302,-0.4521852748074054,-0.5069887316260193
0.164904861945685,-0.4888994761184184,0.06964832367731316,-0.1340999693356265,-0.24120972672340116,-0.10458122701802718,-0.27056939777871397,0.12567309712776153,0.03902955779287422,-0.058904670826132544,0.04892482883754526,-0.1725007920444721
-0.3835158907917175,-0.2146871672501732,-0.10627801172311968,-0.4290971631826585,-0.12315459049694498,0.09678895833834952,-0.042330442540673766,-0.7302068060920861,0.18953205227087916,0.2630592606573636,-0.1398525218517743,-0.46875946267849494
-0.423230063121068,0.3887158995260144,-0.36493652623337103,-0.09658606564457758,-0.032575168183102035,-0.065732839805648,0.10601553099653516,-0.6246792723605612,0.1366763797233445,0.3520623078361701,0.21000242513108228,-0.41441765732160596
-0.08748255900859676,0.16282012978228141,-0.23153175022907788,-0.40481718243968934,-0.027973746119395886,-0.1560143578630437,0.1668622850700263,-0.2887606025891105,0.16971612137309397,-0.15723468818595165,-0.2674155641887742,-0.061583569176236495
-0.6984924004229953,0.7997501419246684,-0.8788466272593081,-0.6040109571112704,-0.04483021578492797,0.21694060673849763,0.406265201922767,-0.8104544978445155,0.1649155603411493,0.5302171540539212,-0.058351466328420455,-0.594434288220921
# Weights from hidden to output nodes:
-0.29548408510382473
2.263591605265162
-1.0465594508119287
-1.199652044902117
-0.6637599103109703
0.8025985981058177
1.5993739444069377
1.513357508925987
0.7957169746382411
0.7338003342404035
-0.847891283516019
-0.42501508135421323
# Biases from input to hidden nodes:
0.40937867929527677,-1.2919269869570291,0.7291813034263025,0.5186349264192737,0.020347154493722805,-0.38854334544975533,-0.9237406363220427,-0.024893971850116582,-0.5598955405647474,-0.4100845367194557,-0.0765066530430762,0.23118810801196932
# Biases from hidden to output nodes:
-2.0181815854000495
# Number of epochs trained for:
4000
# Mean squared error of finished training:
0.0015089550368530104
# Number of backward pass calculations:
18308576
