# Weights from input to hidden nodes:
-1.7471715351273294,2.380017180236046,2.58619030637207,-3.6478049260024688,1.5513687101636184,-2.5253159308618764,-2.213527552928625,-1.5380213399532503,2.548370720253737,-2.638605718494433,2.171173436546584,-2.5011120069905326
-0.5784750876088025,-1.3940757601800573,-0.6155056062340615,1.8153377481872317,-0.420630000970579,0.5332069059442545,-0.4786934784075034,-0.24595159640635744,-1.5937648293851947,1.6845749856922172,-1.1951664099444648,-0.12870295568950754
-0.5989171875260579,0.12833285924296792,0.3214052334747541,-0.6365962392182847,-0.1544396573114453,-0.5228063627961967,-0.8797979297884794,-0.6293019352739305,0.43742065790303175,-0.2702829590289279,0.2792028545891275,-0.6365317050084867
-0.3035388073717698,-0.4499993836002744,-0.12809367954478112,0.6765504948866198,-0.5126859882837188,0.21208199491969654,-0.4551888139773461,-0.188828198289984,-0.19543498798948097,0.36458215966203994,-0.1887229963473756,0.019462959297365568
-0.18767667624335352,-0.23762185173495173,0.036918283536094915,-2.7690114581458896,-0.007943815994270069,-0.3994957126554787,-0.12058581659307475,-0.5268063711127767,0.12523753593947692,-1.4953978468497247,-0.15679619703428366,-0.4102358263097198
0.03658968372347726,0.7414900650470742,-0.4706190740603539,-1.5641166053205915,0.3384241445409377,-0.3479815586116009,0.022789376210609627,0.21357465971123604,0.2683397081967127,-1.1854841722983787,0.7147762326665341,-0.0302652571243052
-0.1119537735686645,0.7851035714316764,-0.26850582949681284,-0.24839729648002862,0.2693200604611184,-0.28670805524764625,-0.43537601778496465,-0.14935576419152305,-0.10419368940151243,-0.18974322760012244,0.19948200796473234,0.002064512547091623
-0.2384222493969729,1.3739067121822008,-0.2602753329299679,-1.3713133777042035,0.5686356656758221,-0.7997573998534476,-0.2479251084070988,-0.369249980958848,0.5649667406988389,-0.7378751677434758,1.0769418727937285,-0.46827600746415443
# Weights from hidden to output nodes:
-1.255399810444051
1.6192497178250869
1.9682291104491596
-0.42889265237701446
1.1476349719526084
1.795404488248808
-1.1432272495954219
-0.9846075822669933
0.5929250655228124
0.2400478675061101
1.2895403276708854
-0.35072590444939133
# Biases from input to hidden nodes:
-0.10267369244114924,-1.457168674378776,-1.2877627969195966,0.8916995255017507,-1.0303031091303805,0.4515489621772116,0.2729664662243485,0.044681252198025295,-1.3211359732378016,0.5508813507660829,-1.451522301245666,0.10408957969745433
# Biases from hidden to output nodes:
-2.6289844751088647
# Number of epochs trained for:
10001
# Mean squared error of finished training:
0.001429807724734537
# Number of backward pass calculations:
45764576
