# Weights from input to hidden nodes:
2.9938417896739127,-2.311373922627658,2.5517624487099484,-2.155940209151525,-1.4938496887378647,-2.715046287361609,-1.2286163266626708,-1.7404628292407425,-1.2122465716981439,0.33460057483938715,2.052078051441297,-0.19959741438126766,-2.2360276296353176,-2.0540101268185134
-2.0991908004924826,1.2774058025713042,-1.1228829436860766,0.33092333190251516,0.2804882828284795,0.7976310140805773,0.07464548033317857,0.16823777080845287,0.2765547678788625,0.03342395645573764,-1.2447791293863746,0.12884357112620817,0.20934629892944634,1.0733878752576953
0.32226010186564447,-0.6458533687876972,0.3565034914745009,-0.2804257222740609,-0.4270800220799737,-0.3998396705721559,-0.2945682155842105,-0.10664163911279817,-0.20425587877586265,0.15918048316338365,0.14062140756877214,-0.31354262137031064,-0.41156964651103284,-0.4211684334181492
-0.6833852218299409,0.1390378016154438,-0.29413617337656367,0.20161182911360445,0.04416061412291215,-0.09049965016458882,-0.13027250584935676,0.1473049340290803,-0.2557386748810199,0.03269703032731209,-0.21802361859587036,0.14950588761254383,-0.13651337802841837,0.4914906601092537
0.19614178884228708,-0.9443759110470857,0.37578353808490444,-0.7679816474196535,-0.5362832667936004,-0.7513628065823,-0.3412282896364185,-0.876045221681907,-0.40279173319678097,0.21183696180601472,0.8747697763083879,-0.30192904936591775,-0.7666618823226105,-0.9734378693284046
0.5012135473469574,-0.4444602533844852,-0.08062647153808113,-0.19381540397258296,-0.3697763392545911,-0.24292731997217085,0.15103717197623967,-0.2724564722093732,-0.03915502086060563,-0.007622056598795784,0.6082218130270202,-0.08821200257351561,-0.11770010641952439,-0.09557833548493214
0.07202609346315442,-0.3177493063167827,-0.2000412368647096,-0.3422831325179715,-0.2336353232604587,-0.28676200020950277,0.04447137278000487,-0.2574780550235509,-0.23335122227518984,0.14650188712532075,0.20587742905355244,-0.24338966523210728,-0.16127182082402147,0.07902635669675985
1.4878560458419352,-0.7282747755621984,0.5487462832342548,-0.7500980568314033,-0.2422457993043306,-0.9787314316291712,-0.5377183266606487,-0.3929389645830317,-0.09392548564105563,0.08710748388970853,0.6839255582348792,0.04371890075702573,-0.6381200994580197,-1.013506056853852
# Weights from hidden to output nodes:
2.6286425277533683
0.9453749236316016
2.2805406555382097
-0.18103389489977606
-1.0438506534292127
-0.2856577133275682
-1.2307923128855698
-0.9769677564239307
-1.0901293735856892
0.22462360946916224
-1.2051295061035263
-0.4701556118956703
-0.4769730368750184
1.2175004249048391
# Biases from input to hidden nodes:
-0.9306812946728991,0.017093233087558436,-0.8654830411365247,0.0587354975711722,0.039751345541042635,0.3666852689684325,0.198702978175925,0.3537067818805625,-0.12919974826239827,-0.011425025306493919,-0.10969272825943459,-0.199583021387362,0.28108331276866605,0.05928221081359796
# Biases from hidden to output nodes:
-0.9315900187082711
# Number of epochs trained for:
5500
# Mean squared error of finished training:
0.0014231270750172766
# Number of backward pass calculations:
29045280
