# Weights from input to hidden nodes:
-1.1843329245416834,1.7730675593132252,-1.5363179980798087,-0.586702979016586,-0.3234539380646505,1.2546608321402957,1.4961278642331866,-0.7570930027040087,0.4751502824026521,0.4104015820428388,-0.8465025651028961,-1.0671625738735466
-0.008075189059110394,-0.5372154185604975,-0.4533098219700615,-0.07148142056404265,-0.5299585077658248,-0.20912746077651181,-0.31920982547467414,0.12614896444040363,-0.45299051301311705,-0.47869435493595897,-0.4115553039254647,-0.25766788449398526
-0.536086088586384,-0.15575816315196536,-0.4279227106271671,-0.47305422704493516,-0.45841568598033106,0.3431591880039717,0.3629269926511938,0.20471408649142395,-0.24811798487883335,-0.25190353884511774,-0.7639597212433006,-0.39677427925607356
-0.04426723558310619,-0.2258257771630282,-0.2194138030080224,-0.42671448253315625,-0.50235617991745,-0.034215194708041526,-0.1250636758081523,0.03229235564948328,-0.06674386930358575,-0.14681589170033593,-0.24648094471755932,-0.3467568991472323
-0.09956659295849751,-0.36291033381742427,-0.07477699582316678,-0.48706077694193617,-0.4700450492780458,0.03831168611194432,-0.0810450364165032,0.09633279565745953,0.06830578470567904,0.10392412568951472,-0.5641539876017907,-0.2776821546872635
-0.3839891396049964,0.4790869477875523,-0.47605655912623857,-0.13859925752412916,-0.24982446231052552,-0.21527268819204973,-0.03077005088264494,-0.18909580030754541,-0.006703413055349398,0.20390619318968992,-0.10230673367203627,-0.3770548528456614
-0.03767279865540695,0.17613648173278446,-0.253293481325993,-0.45111007163912914,-0.17752031284411454,-0.4018764411646157,-0.0609579724170153,-0.14157507126140817,0.014882774218534603,-0.32609000115202535,-0.4146012197969056,-0.0135006279354297
-0.5222234122914198,0.9428739863116508,-0.7689958782973859,-0.3405958205046757,-0.16449498651569228,0.1509557247449189,0.2781924909821025,-0.4851490117161765,-0.0031073051727157873,0.3578945769376405,-0.3189661856214776,-0.4616989337310282
# Weights from hidden to output nodes:
0.8222453519708789
1.924142790724608
0.5412876578300961
-0.34066794277671136
-0.6665584121255234
1.0065217877046608
1.5296979421087997
0.7476747466410357
0.19263141784028046
0.19545169521146552
-0.5187437088945032
0.5634405094291379
# Biases from input to hidden nodes:
-0.25476450824110997,-1.2841905352303746,0.049420508125224416,-0.2096057412081907,-0.24842761174590622,-0.868191043749759,-1.2073543135307645,-0.5725451385123214,-0.664301686871944,-0.5280449860054798,-0.24296283128447235,-0.2952075630088631
# Biases from hidden to output nodes:
-1.5925147968413391
# Number of epochs trained for:
3500
# Mean squared error of finished training:
0.0018658923248298664
# Number of backward pass calculations:
16020576
