# Weights from input to hidden nodes:
-1.0968807757958396,0.13745099089726928,1.3361514236129663,-1.989649985351027,-1.4480645984324336,-1.418393864780308,-0.3405684189424623,2.125518895828236,2.2285102344378647,-2.7103992130272068,2.4805128473966063,-2.166093410010072
-0.00878113379360236,-0.11976562711923303,-0.8348622807010996,0.5789469880690085,-0.13255089144648666,-0.2736308514413444,-0.0688360900268713,-0.9649711505394001,-1.1828261759117007,0.8536464522728284,-1.4889985059888353,0.3559565091318822
-0.30379088734885046,-0.20785057817073765,0.008402288023944002,-0.7049369100866874,-0.1827678789197865,-0.2109528917026207,-0.32174898614421565,0.08511306568882825,0.33961004454743865,-0.37953960361352546,0.5324263303654315,-0.46649222940420676
-0.11995704963161088,0.09485255586296046,0.0882774447044453,0.3660333820557363,-0.2663597700570535,-0.1131243642528641,-0.11276463361267702,0.01646771170234131,-0.5339710290301306,0.06177181715533731,-0.7478235998006779,0.09571198660538943
-0.27200278474565487,-0.2245874794758957,0.2506189535964606,-0.8842714072080631,-0.8962956076923911,-0.3217667832685384,-0.1836457181549532,0.17570099456723556,-0.0953855582999526,-0.6642733214039435,0.29246735513868005,-0.7053003040955116
0.14298235039592225,0.08448704130240486,0.18506968755445924,-0.15975385730945987,-0.24206580276949977,-0.05413344031815257,-0.09839093149458635,-0.1805111719689192,0.24462702056313665,-0.07790467909782553,0.18952248964922722,-0.1152376530162915
-0.031506344724565385,-0.24013345901375568,0.6144958387847357,-0.8812161971258947,-0.19246007112509703,-0.5079156014453267,-0.13605095602602224,0.1080354709412873,0.9091622922734982,-0.5318238687222108,1.355136842512864,-0.6788328360717681
# Weights from hidden to output nodes:
-1.3458131520232728
-0.3406422422736786
1.106928557301622
0.5331646080335716
-1.0173834980086633
-0.9893880810397518
-0.7618419785376603
1.681893048879384
1.8208813826672834
0.6853285552630237
1.6487182645535368
0.4958772272073389
# Biases from input to hidden nodes:
0.026047866382928116,0.012673882354604149,-0.8292972313632174,0.3385989740475401,0.5349484457675249,0.1005104736579714,0.2393994033753119,-0.8569507211520577,-0.9685732946943848,0.5292299066114478,-1.4310955742093467,0.39580345952859564
# Biases from hidden to output nodes:
-1.8890543425395698
# Number of epochs trained for:
9500
# Mean squared error of finished training:
0.0013791885080511215
# Number of backward pass calculations:
43476576
