# Weights from input to hidden nodes:
-0.34665101854960656,-0.4258974715956402,0.03391011625383228,-0.6427356749183389,0.6517811995301187,-0.0864758371073181,0.032042298670717596,0.43014710294165326,1.6428786421963741,-0.7751513906656385,0.05981563630387908,0.4857741345791059
-0.6162027001113614,-0.2690198798584375,-0.17662431596511446,0.9315385016895426,0.32497286059611863,-0.2464885476974646,0.06466089386585447,0.1736650084853015,-0.5445602956993639,0.43571660696564474,-0.10826369641277106,0.1204299445607035
0.18306364341259382,-0.08508888440680819,-0.18195157630137243,0.46109829916951867,-0.22051575758037148,-0.13003309165316645,-0.044075720815833046,0.1024451295205919,0.6352929741963043,-0.06939411422021312,0.2653672897474971,0.1649127753950532
-0.18856453364298742,-0.031639550014363825,-0.06520478978057437,0.12549442264404023,-0.19678613633058045,-0.02984282019039003,-0.24200252243745443,-0.04272924514499737,-0.01651395171389572,0.13015531225265653,0.19702383983646568,0.19795251051529913
0.07269301371790045,0.1656919325037816,0.05778621271940865,0.6522220863302627,0.28641804063919873,-0.12570390133393633,0.18486615001874476,-0.22543103703030498,0.3715622846532517,-0.07476363484955124,0.06324254776742906,-0.08206769504542331
0.4539239653465738,0.4928676875768657,-0.22122164054090426,-0.25286669319766125,0.1051289575174692,0.1676435810517436,-0.03682808419562832,0.2552351772402051,0.22154134087424926,-0.21463685094894275,0.15270912985160798,-0.022509149128769012
0.14316166976206832,0.15067794387797395,0.018366969107519393,-0.6868987841002479,0.5024276066508641,-0.010833111203253531,-0.20539758377784625,0.058392899531574914,-0.12787388573630154,0.146264959464968,-0.1250105621274005,0.3707014378207003
-0.3111685747234696,0.9024825399942104,-0.14737746818021014,-0.6813826651183187,0.008032669059308956,-0.16289211238515183,-0.038477038840113775,-0.08518205360160959,0.6080692257074843,-0.012923889989754559,0.2565258827515226,-0.2191174510421661
# Weights from hidden to output nodes:
-0.8918260731009787
-0.8096504986554477
0.07605462611057515
-0.9716136555893247
0.9354286935833276
-0.13815021553677997
-0.06648905647811786
0.21462049897705845
1.114371650832141
-0.50304552366768
0.2285113742492237
0.3985190394254409
# Biases from input to hidden nodes:
0.11634044245103346,-0.1682346985813979,0.1114171231451927,0.43311400054189625,-0.5745958935317661,0.145234104730961,0.07858513810651366,-0.10775646826373292,-0.5136162074771268,0.6084701572636295,-0.268224903474789,-0.4325007070843824
# Biases from hidden to output nodes:
-0.1670580803710277
# Number of epochs trained for:
3000
# Mean squared error of finished training:
0.0012441220299208892
# Number of backward pass calculations:
13732576
