# Weights from input to hidden nodes:
2.0546350037247936,0.5749879890248782,-2.703857464818273,2.2025004303324773,1.8844413778885778,-2.7855276563042253,0.35393064804291274,-1.1058934523027266,0.9342787342813653,-2.3650110895972043,0.764997827619141,-1.9840972765701976
-0.7551246305766307,-0.3000084627768143,0.8242283084876226,-0.9097215431786494,-0.7443983038043369,1.0688132470975769,-0.09049080510921213,-0.2356087710610037,-0.5760336683822896,0.29731765132049487,-0.6415874965359525,0.324219891536998
0.16873154873786397,0.1325624902472686,-0.8291178699999922,0.11851498684417006,0.21972502753885914,-0.6801096864247751,-0.33546292229581587,-0.6882513678512518,-0.11777273912339287,-0.44726702409481556,0.04220267386608567,-0.6698665885858269
-0.4601858085815529,-0.20076086547622712,-0.01897721070160957,-0.16016654637756747,0.02372948237723651,0.36641517023225245,-0.0017097783385218042,-0.162294285314705,-0.22305101906243,-0.16810288782676355,0.0640244778630664,0.14962039126155513
-0.11534529928540818,0.011297019417847042,-0.5849969590081364,0.04860601339928498,-0.10209040979335382,-0.6261189663287904,0.13385239963936493,0.05508200016515433,0.1297943156228728,-0.5371964212216203,-0.11100005663152748,-0.3855408498772742
0.2967981839249606,0.01666874727785628,-0.2093860431478869,0.11848791915249696,0.13860554753453697,-0.2962036877119116,0.12225435880512872,-0.07887596544711532,0.022651179093631905,-0.13969334013908216,0.3464523229803713,0.035610487945652
0.05874120209579493,-0.17035262812451216,-0.269930301643621,0.05614718230900097,0.07929359602914329,-0.2658642405339543,0.18192447617519583,-0.4229146539386577,-0.009417392911286807,-0.17751152743648452,0.22501686953374395,-0.5453392156182901
0.5505104729126289,0.3955744638544029,-0.8851106961185411,0.5466521316213983,0.2850900476028306,-0.9282026926036524,0.14521360173588407,-0.5103323458373936,0.5169488613362776,-0.6988218302329322,0.18292297471725869,-0.43607277846139664
# Weights from hidden to output nodes:
2.0335606539305346
0.30162853629099373
0.13224885226581432
2.049783907008726
1.6864583142499012
0.48721464414955734
-0.12175584067469607
-1.2686575283711763
0.6477711123150875
-0.5366302523276912
0.47323627854349576
-1.272077519034112
# Biases from input to hidden nodes:
-1.2937557341384784,-0.54281444119486,0.5211247144105728,-1.4346907327061875,-1.2055962197372783,0.5056401966397617,-0.11974781207609457,0.07684969838762125,-0.5720459010999978,0.42418783486695794,-0.5227661233683112,0.2933974478378031
# Biases from hidden to output nodes:
-2.3051157493558145
# Number of epochs trained for:
3500
# Mean squared error of finished training:
0.0014477968606379048
# Number of backward pass calculations:
16020576
