# Weights from input to hidden nodes:
-0.09332905346787135,1.6993157023142804,-0.3910849613644858,-0.09001940513367229,-0.015865310310401948,0.5193741271417177,1.035072223600909,-0.11850617020266652,-0.06471089551023795,-0.28527352933825767,-0.10949179872523729,-0.05606112058150786
0.03239719541672742,-0.7089582766989115,0.26397100877782304,0.32377748968310693,-0.1960276657270223,-0.22805611732122288,-0.2874452600878444,-0.228143300765484,-0.19695327128004064,-0.831759968633996,-0.059675092840683175,-0.23539575197916274
-0.23963129975481695,0.22455478954562344,0.1701203874874219,0.01719761531911499,-0.024023104658679073,0.14150985800575777,0.12419347661776409,0.22489987724258953,-0.12180938977971467,-0.1846308474472425,-0.24888597195373113,-0.09973130560488574
0.19368050877934645,0.148847597087012,0.5112776190709236,-0.07027880256883832,-0.14169301033124326,-0.02738761026354699,0.0027443329486840804,0.031755422258232247,0.10484207753194291,0.20323223866175333,0.16382990569481287,-0.12594709320012387
-0.022118465480455707,0.2794543497449556,0.6423233236888689,-0.05284020283787105,-0.14200292921264557,0.1128059003455135,0.2718314114615972,0.015060055214390022,0.07789314448679324,0.08443913959703316,-0.20002839747520806,-0.12625410028400147
-0.2168035511298499,0.2783971852464175,-0.16606279675968946,0.14108437440992727,-0.081548865528625,-0.12012176837863842,-0.08469977823317301,-0.2181368466448232,-0.062702050974912,0.35038228565187907,0.1472180842104573,-0.1879956514850354
0.06325049234095181,0.008158437915320484,-0.5342725696477909,-0.1991006110084691,0.024479496891649244,-0.1384160916269828,0.07968361608764764,-0.1276555322530476,0.13326231109842174,-0.10559788662492758,-0.1997348000994787,0.09071645794650574
-0.05790237448704888,0.283227661918796,-0.7207136584847613,-0.056533471724117934,-0.004707443519741117,0.06195385806205363,-0.010218042486816936,-0.13812311423840568,-0.18625246136315926,0.12849982270950322,0.01501378969988193,-0.019460283648891075
# Weights from hidden to output nodes:
0.052527492239109436
1.2977672892421264
-0.9120277696153466
-0.2006762007549531
0.03842153450165617
0.3525974691570367
0.7382583540329115
-0.0966112753604218
0.06220833009063828
-0.837949142320179
0.05953518446599218
-0.035402788292562964
# Biases from input to hidden nodes:
-0.03536900736111026,-0.32493676962279194,0.23631278036054462,0.2005060924526252,0.07307706612272136,-0.03367605158188201,-0.2887039925052312,-0.1512151424712861,-0.07128392175193865,0.22865649977648536,-0.05753739501576327,-0.12787136867848853
# Biases from hidden to output nodes:
-0.8173808666051011
# Number of epochs trained for:
1500
# Mean squared error of finished training:
0.0012120621163054343
# Number of backward pass calculations:
6868576
