# Weights from input to hidden nodes:
-0.017225818534735548,-0.07262656658629088,1.2340281661098784,0.5626763271822031,-1.6255917289201243,1.6094726657227099,-2.208092089132696,-1.7183338827667822,-1.290314630423978,0.027004153203602936,-1.1228561152173242,-0.9449476679454154,0.0935736687138567,-1.3763131631563725,1.4969972743090307,1.1784527280579238
-0.20001505695725538,0.07114062294720853,-0.8400230646814227,-0.10997957657778415,0.2667399152040821,-0.8335366366613874,0.4361591504382688,0.5705176834102046,0.24467209153489175,-0.23152485495897746,0.4229243335225984,-0.03172593651878443,-0.0293072054866348,0.020635752498355222,-0.5675491466869785,-0.399164837251362
-0.08815273415994834,0.1258357211711926,0.08882955403532052,0.09128897972156257,-0.24998608278607715,-0.09578047080783725,-0.2860900515625017,-0.318199164858027,-0.3998558470273987,-0.0011758810152006308,-0.3766302897555658,-0.41580333125345553,-0.2449613038065682,-0.4590224476866416,0.04328750233298748,0.01515223781294349
0.1913489505166025,-0.02725302695691679,-0.2515331010128052,-0.2205170140883823,0.22846974497690414,-0.0676019597661022,0.250467166542303,-0.06436799574611247,-0.010592385990118674,0.011233212089117766,-0.019439698390547933,0.0060812368821064715,0.17570389435028747,-0.15996547404354897,-0.25266550682664957,0.06749277472002614
-0.0645809540438465,-0.1416157080678306,0.1104798500474896,-0.09520693328385049,-0.1454382148956801,-0.18174432267607032,-0.12121686173678367,-0.34852618381538636,-0.1385598807907541,0.05006215923606484,0.1595167340322441,-0.2302704244442175,0.1825308021410946,-0.23019284635822607,-0.18264434508779465,-0.160084016710339
-0.25033731272922133,0.23115541992162983,0.007132831519917538,0.33017883167670586,-0.009705098827704725,0.15937719919831686,-0.3910609909172957,0.026388838177933607,-0.2545690768486729,-0.033398169030965076,-0.1864170864098714,-0.13602213001807187,-0.026235888434587292,-0.3265942491517791,-0.050683614042552505,0.22651928559501616
0.13301683948344192,-0.012460171828020027,0.11535464444979074,-0.07924905956495011,-0.15990893000846348,0.11173569295491372,-0.23612391408491087,-0.27952193840116374,-0.3164399572139368,0.2144507054392715,-0.2886172288857434,0.04921709137302034,0.0794423054956768,-0.11866720199078322,-0.023964783600543403,-0.12681891554636476
-0.14180009363287469,0.06021631179574796,0.3306792797059791,0.2206862202872613,-0.5187620473889559,0.4227101064141215,-0.3740817606383227,-0.45174227778924714,-0.3871405798057328,0.004661797038853582,-0.3559461275773584,-0.22730198323961728,-0.0786496806393942,-0.151866015070303,0.4367572774124923,0.03080045454708152
# Weights from hidden to output nodes:
-0.2207739404111644
-0.18523831930382215
1.2252719158827041
0.48455557295782
-1.2143441704822642
1.5136113474081108
-0.7574815532483639
-0.5649695483700491
-0.9880362131941582
-0.08802851322407139
-1.1821748759184598
-0.8642628563080436
-0.12610046868161026
-0.7629387984216052
1.6607120030588145
0.8638241252798244
# Biases from input to hidden nodes:
-0.2323973308803815,-0.1766760913859902,-0.3633827161687919,-0.26672402641967063,0.3022678060101285,-0.4797534751160212,0.385837285996665,-0.041135192830009486,0.27850641529674025,-0.11860416822635106,-0.05647469886540701,0.07575674155768937,-0.28387009925922047,0.12082478856003832,-0.6665449392414626,-0.06281665749470745
# Biases from hidden to output nodes:
-0.746886723490912
# Number of epochs trained for:
4500
# Mean squared error of finished training:
0.0015023936133267332
# Number of backward pass calculations:
26933984
