# Weights from input to hidden nodes:
-0.28302796511017525,-0.28046533913250427,-0.05042898508619459,-0.9099096263711427,-0.04384223379401971,-1.355964781017151,-0.18379179888904232,0.6123637011143325,1.1971447587320756,-1.1499718764698967,-0.10629356206443276,0.6535981442281601
-0.029354980901392023,-0.1417145204324441,-0.1705106189080254,0.8160508138364683,0.12465855222454446,0.1496835311877452,0.06438987020739677,0.299695166528634,-0.8023687095524092,0.07074300054660713,-0.04646318816650215,0.3472559580879284
0.016749139826951327,-0.03213993578038358,-0.16481131573496194,0.29886683773265194,-0.04313309941427586,-0.44204381912754326,-0.06243226762997074,0.24195606605559536,0.0710745851196451,0.14942783525045955,0.1118524389315265,0.3482968696969817
0.0662283663817298,0.15128281488224418,-0.025748173049763862,0.7598372199999325,-0.0835961240526908,0.2788177226133564,-0.1610060441179793,-0.15434066189242202,1.2530302728416272,0.2360461626868993,0.2029336685138376,0.020304081939593713
0.10865661153410851,0.19735664605162462,0.04728413377334824,0.6650777374701802,0.0422033417651164,-0.23061566781637385,0.15658849931955057,-0.37577331796041313,-0.07858992020787718,-0.21805338890158066,0.0834123916943733,-0.31879846662751826
0.000652492623320189,-0.15339941781863164,-0.16877318255070006,-0.12438590892031733,-0.003347788437375667,0.010886125780441312,-0.019393491008752525,0.18488837185488816,-0.3840947811869362,-0.34752004649104007,0.0864849855035469,-0.03615242598072096
0.14264116514117148,0.2509364125663158,0.11626454060893955,-0.9537211839609234,0.10853100201775784,0.2458449054964114,-0.15335974564794916,-0.05042726518209476,-0.25916624453227033,-0.051685383058611326,-0.1322225298264976,0.09970729543282915
-0.11416887130618919,0.003592544688500465,-0.1261818346923971,-0.7763069733161656,0.017238259107355096,-0.6922566515229746,-0.04409699170848068,-0.011762580567212598,-0.6331961108802013,-0.34537137688636826,0.16338925724250336,-0.005868460996921792
# Weights from hidden to output nodes:
-0.021358203552487583
-0.03733111916312412
-0.049767219787318864
-0.2530610926567623
0.0002927952595014111
-0.20168505310808185
-0.008423258922514405
0.08148149905548173
0.18878012192521818
-0.13977814991513152
0.022628741442616142
0.08507818064161311
# Biases from input to hidden nodes:
0.024426055160595775,-0.01708422483420285,0.2799267061093738,-0.49812015829503836,-0.02376801278794222,1.046765452335449,0.21998450843648398,-0.3581091066384126,-0.23422440169462513,0.6874080816466359,-0.2172632117301884,-0.5921525509988059
# Biases from hidden to output nodes:
0.4233138410247961
# Number of epochs trained for:
7500
# Mean squared error of finished training:
0.001586339829118548
# Number of backward pass calculations:
34324576
