# Weights from input to hidden nodes:
-0.5320046785335942,1.5918236508009325,1.8197721204706674,-3.909532127230619,0.8656664893672906,-2.5151414820390983,-0.5104344326239485,-0.6497762689668646,2.2490989009524296,-3.4889242992077483,1.382470517688152,-1.5280734523228803
-0.10741311094044752,-0.9314651640602272,-0.932460479025589,1.9243394144654549,-0.2824258151198989,0.20995527749262288,0.035452448858898825,0.25579259639388496,-1.228393522795281,1.31000961186556,-0.7661277628976269,0.4072460008345995
-0.056353879364325,0.09328201114563935,-0.09344630900792814,-0.5127973825518788,-0.06718021738009358,-0.6581505618002235,-0.252841043150723,-0.21952045178125235,0.30604256989261513,-0.4674476209651715,0.1954075985315418,-0.3220726197138623
-0.07691701003339682,-0.23219182793794324,-0.3218798956293432,0.7417078420590849,-0.2572120395542285,0.195552202169643,-0.2572626029614698,0.037807351155333714,-0.10849390773792275,0.34056200400535463,-0.04221922528069927,0.2332310378810391
0.138035149226127,0.22206571260578803,0.14112110589168,-2.3993823228215763,0.18838485709419517,-0.36048696896296134,0.22817027028771675,-0.23596504161984838,0.3533946836684517,-1.4565826395335222,0.15089496348577042,-0.18460856986678056
0.0037733713650748507,0.07038533226169302,-0.04061136352083673,-1.2322564247147303,0.23284024476953122,-0.07377404658883045,-0.04773251942115245,0.15372586198884108,0.07088407607782035,-0.8061462680240139,0.31470154248261306,-0.18273021994053812
0.08889870059339455,0.13911561226512564,-0.08741140289316161,-0.04987544884479164,0.12645415481809547,-0.03744927737091763,-0.2301161484733881,0.05528744988237194,-0.23803163154829785,0.021696440896076495,-0.17924569672431762,0.1886298404606354
-0.17515890567320025,0.6365540215965254,0.35860108497393456,-1.4869156219629742,0.3887434311893243,-0.8900670435583667,-0.18042409193486073,-0.4016159343270514,0.6387179924414144,-0.8890679628525232,0.6645235790702662,-0.675033343741954
# Weights from hidden to output nodes:
-0.7237992226304526
1.4792940709133355
1.591415284813803
1.0068879035349254
0.6640473204090329
-1.381826509430485
-0.779687192878018
-0.9790551757731094
1.3639622861455327
0.015339293813222169
1.2531886253488795
-1.5358140600124006
# Biases from input to hidden nodes:
-0.1416734970876499,-0.7905267154561526,-0.5200198583935237,0.8784563211064077,-0.3198445169145038,0.5717647442011375,0.08543810180243398,0.06420812883296625,-0.6735188462456521,0.6754862206079942,-0.7339607503469563,-0.007976810882812536
# Biases from hidden to output nodes:
-1.666104196185885
# Number of epochs trained for:
2500
# Mean squared error of finished training:
0.0012532109028536456
# Number of backward pass calculations:
11444576
