# Weights from input to hidden nodes:
-0.16050293683150715,-1.1366041291181581,1.6620897549140647,0.3495507421983214,-2.1331796769833136,2.063459413010384,-2.071070040823419,-1.8703851912722804,-1.649897373227612,-0.5213138225033531,-1.6028067601976121,-1.5082043173727386,0.35449874780343305,-1.562852452319627,2.1771109954171184,1.5499634551677381
-0.28243978511709916,0.051719236410156674,-1.180431947327938,-0.07139836538951636,0.19606606754579758,-1.4618083101218553,0.48451161709823193,0.6239814047244617,0.120966447893169,-0.25139779379820393,0.2269379023315579,-0.08861106849212638,-0.1314853482111904,0.030872366268423393,-0.9221476058822707,-0.6164568689300429
-0.18651015389527958,-0.1961255349822289,0.2465271525795784,0.04933618950122304,-0.46414537831656477,-0.10395339823355465,-0.39278340627341285,-0.46855258183113374,-0.6155742970877117,-0.1876034158384406,-0.670502798446994,-0.6131949089954183,-0.22292815826284013,-0.5857038740184328,0.29576771632095694,0.19573496767871298
0.10226541021707311,-0.0636822458349251,-0.3325232690813086,-0.2593808275543565,0.22807726969387895,-0.277121605824335,0.2642216113560458,-0.0436676887090161,-0.06932432874071805,-0.06095563442943812,-0.12790096380799076,-0.029850436765016662,0.11405753563234883,-0.15886019833162773,-0.3763014426817331,0.028795873805247472
-0.21237026312831866,-0.5351344284410122,0.30370445206929153,-0.06086501194127945,-0.5689303033444617,-0.072118802097511,-0.3285894150215967,-0.5907480906881022,-0.5181727142117324,-0.16785233388234672,-0.2999222158019433,-0.6122829072348988,0.1810157720041054,-0.49773596798582653,0.05134698203498824,0.014763563284566614
-0.2905333370166705,0.03618860740829633,-0.029238363408360925,0.26082462728287037,-0.05285197421778691,0.4503758204059252,-0.3782789446026981,0.013940660627128246,-0.2814811831745249,-0.15691819447988287,-0.22489160997561733,-0.22368834121256728,-0.057522490113673025,-0.35803733903565593,-0.16984920447833043,0.059471887448515656
0.0930376542208624,-0.1257068648772643,0.07326648271972108,-0.14778568923666097,-0.10189990571275848,0.3493456930544914,-0.12691346671017104,-0.20239288332306218,-0.2852863020486593,0.11993288679643242,-0.29200533971838233,0.028104728769163933,0.044433199104722355,-0.07831188250231484,-0.1293356387819955,-0.26722255462239225
-0.1891289731738581,-0.25533368062359546,0.5333989894424573,0.1347378677231021,-0.6977355441932935,1.1059014267454697,-0.5088224303912703,-0.617406313784039,-0.5093336177116863,-0.16728396431465464,-0.469724925355624,-0.4194951213322286,-0.05844618577954772,-0.2851610832620685,0.6110707307102886,0.013881572239836834
# Weights from hidden to output nodes:
-0.5837660066928216
-1.0668402972075437
1.304649711528186
0.03463842841955709
-0.1465944555164821
1.5758867729070416
0.6494296064594742
0.26747867698668215
-0.49053596201837263
-0.8147413793349249
-1.0779025550361385
-0.6393493519341078
0.012406357217341462
-0.04043819179155695
2.353313515555313
0.9592098192038452
# Biases from input to hidden nodes:
-0.24548255411596617,0.022247322247812076,-0.7713914706069755,-0.33863259498181897,0.4938232504985338,-0.8769820622367032,0.2763587533915544,-0.0469578920665302,0.4283827557384417,-0.056927732356947175,0.14172459460899747,0.25603153884154356,-0.4271474352750545,0.17459073531408106,-1.388338025911813,-0.4213554197611494
# Biases from hidden to output nodes:
-1.6904738182597112
# Number of epochs trained for:
10001
# Mean squared error of finished training:
0.0013806257696901505
# Number of backward pass calculations:
59845984
