# Weights from input to hidden nodes:
-1.7115053583027557,-1.8192852153809655,-2.032670621075174,1.9747961093143562,0.8847089853899164,1.5832159113672095,-2.1247378911785675,-0.11293143680069358,-0.30797857239719784,-0.9984992336831668,-2.312587982514614,1.0398249311235293,0.9547564829408741,-1.1173792732775603,-2.2289964144064043,1.1396396037753185
0.48793069829857,0.36272588000503897,0.30506769596863487,-1.2651932330002218,-0.6352320024628937,-1.225684014624419,1.0992177320071521,-0.18383138329848192,-0.12560011203552932,0.17001549375587272,0.6800539907086449,-0.48077087051831924,-0.5737593135052311,0.15396585301171758,0.8482829790166978,-0.6253859870827161
-0.3380815307111742,-0.3359939924010802,-0.14487177260543027,0.09506922690555986,0.18613371098204173,0.237120202120096,-0.5181641100110262,0.04856265844500154,-0.07284365329483407,-0.3260165263215879,-0.5832855324358981,0.3699110007628007,0.3345894132731685,-0.22789647945989874,-0.08539208863171745,-0.1804065554949602
0.05996676579317535,0.3218861964890368,0.16020766604829229,-0.287034468484948,-0.04475275791221351,-0.6595275596865272,0.5273541760025562,-0.08765482266013822,-0.269230314375915,-0.1540034481061484,0.013353480660517284,-0.26058323487963203,0.014566968013595569,-0.19950678914917674,0.06928359716938125,-0.4968656098034865
-0.5176094583236394,-0.7262546469712169,-0.5311505597857705,-0.002743956030879955,0.17021078674167897,0.1772985057704026,-0.9067314718068145,0.07097343098312384,-0.09356285452695944,-0.15287840288882373,-0.5492829971514316,0.12011084061714584,0.15663298920038785,-0.34167933490535607,-0.65227537500527,-0.18820828150529478
-0.1677770640280826,-0.14863936682873305,-0.1767799469904223,-0.07366352532283216,0.17785616426619485,0.18577397294488246,-0.3465867823752124,-0.18980021129451052,0.06403379790086948,-0.04223655188889371,-0.2197741455267405,-0.01103141838608695,-0.0338927692267134,0.1012267093648498,-0.17483530477229828,0.27481716023669994
0.008981441083826678,-0.08280865356867255,0.17805818851523644,0.04682730177946641,0.0863489606080592,0.2199426054622901,-0.21476740719103826,-0.19389816769732288,-0.157703102414784,-0.025267888282677627,-0.0519370407696172,-0.26088076478536143,-0.29731591540929864,-0.11431100743273895,-0.0799943536638791,0.14546571428253943
-0.5364969821770976,-0.6546449055606381,-0.7542960439375785,0.8742490430051082,0.26280558851539665,0.710786662998751,-0.9137858464987424,0.16546723132828775,-0.10177365013316444,-0.0933562786649795,-0.48172773090728266,-0.032549681513170475,-0.005225460687636006,-0.5368950710704431,-0.8523897154230033,0.657800531958356
# Weights from hidden to output nodes:
-1.2167297293878285
-0.589987158805336
-1.1530145290591425
1.6166057301604737
0.7695464475805994
1.4016455141117234
1.3740054307264398
-0.3451735498705735
-0.5809191699778429
-1.148609806819856
-1.022058345124185
0.7687073670279075
0.7582660697743693
-1.0738299824001138
0.5931870091743161
1.0266818618358848
# Biases from input to hidden nodes:
0.2942923584216256,0.35391727697360725,0.498654625280583,-0.8313856147545672,-0.6028331484437218,-0.5723802035812772,0.17992303762642875,-0.07747274781242049,-0.18072463889409332,-0.0957076490068541,0.6611410740044575,-0.2732112208987636,-0.4187373581151188,0.03777635040834001,0.12980299206323057,-0.1953074132570583
# Biases from hidden to output nodes:
-1.3815366974064032
# Number of epochs trained for:
6500
# Mean squared error of finished training:
0.0013926557741022563
# Number of backward pass calculations:
38901984
