# Weights from input to hidden nodes:
-0.05097198242853468,-0.12382918202721005,0.03391011625383228,-0.10466503470375088,-0.02533103204672632,-0.0864758371073181,0.05067664622919915,0.2462578464749678,0.09571865212157765,-0.13124901261909516,-0.17412523816994796,0.2065713045495291
-0.06419336521118141,-0.16546256776173168,-0.17662431596511446,0.12663475706629496,0.17031750145898628,-0.2464885476974646,0.056459361446173806,0.2483266442338583,-0.1668752931269007,0.12287675090906491,-0.03990291198072504,0.24740071790323792
0.13593430536193563,0.0409056040273722,-0.18195157630137243,0.22716039785429432,-0.06970759627056733,-0.13003309165316645,-0.03923867271450404,0.08867316567910055,0.20575989498331365,0.20154538058930527,0.15321170356163483,0.17933462874368833
-0.051344024547491596,0.08540388505958485,-0.06520478978057437,0.1712484976668352,-0.06613939224027937,-0.02984282019039003,-0.2328768669142282,0.018660836101283718,0.24578271380974143,-0.14777207835252254,0.24144624701803774,0.14045519674602458
0.08330182860189439,0.16173640667024036,0.05778621271940865,-0.032124288986283056,0.050785142880465706,-0.12570390133393633,0.19992289949061176,-0.2349542922235791,0.06491400130600766,-0.09747684944608964,0.010620524552277744,-0.06903232200491793
0.011514611649718065,-0.10909332516257692,-0.22122164054090426,-0.17569864037109617,0.045607283662450315,0.1676435810517436,-0.025759442499539764,0.1792389069955191,-0.1311275229705553,-0.192739566403819,0.09571447432369051,-0.09526567736686414
0.1199265840339907,0.2374101800112714,0.018366969107519393,0.02596393651092871,0.15156133040651426,-0.010833111203253531,-0.20192029363801495,0.08122462793279461,-0.046415536805357926,0.03582613895954434,-0.10108378794198941,0.19417702066481368
-0.0425702338776493,0.11438234783195234,-0.14737746818021014,-0.19508479442779508,0.07266047829453365,-0.16289211238515183,-0.03067971196648278,-0.1675289473702431,0.07854668891677408,0.1637362970506559,0.17141362992736847,-0.24495347580454163
# Weights from hidden to output nodes:
-0.07677791602188247
-0.06611443241165678
0.07605462611057515
-0.13863774603973078
-0.01464724289161587
-0.13815021553677997
-0.07006289120553817
-0.00449356449763641
0.026685078810969404
-0.06758401240434549
0.001190754304029179
0.0850321433461678
# Biases from input to hidden nodes:
-0.12403627368220044,-0.1404109630086146,0.1114171231451927,0.1921183250862945,0.030066093120228732,0.145234104730961,0.08736916898643932,0.007477224334785315,0.14198089379209594,0.010330731367260593,-0.15819847052882363,-0.23511801838441387
# Biases from hidden to output nodes:
-0.010678200247055986
# Number of epochs trained for:
10001
# Mean squared error of finished training:
0.3795839033071958
# Number of backward pass calculations:
45764576
