# Weights from input to hidden nodes:
-2.005761164899249,2.495953624759646,-1.9362953860081127,-1.5143456337808139,0.06323466438882197,0.8382306873043559,1.5090435041098578,-2.647129407679357,0.7869833799965515,0.8304958450371985,-0.018562976709010758,-1.5736632288942518
0.3674771741960713,-1.4510751178553127,-0.029899224362649454,0.42032768954584937,-0.35501361641256174,-0.39695765502290375,-0.7801781265025575,0.6112120897266737,-0.577322196273069,-0.6560260606027564,-0.2662749482169604,0.03534475919119843
-0.7150849842298134,-0.16400546550172185,-0.394123626932182,-0.4185978128913359,-0.09563720326888941,0.2027290276076471,0.27524574185210354,-0.29708634681220447,-0.05936193972748472,-0.045906165648814244,-0.32400575267149356,-0.48933686889725375
0.23640834300465546,-0.3075995523205121,0.16885372602936521,-0.01209819638832043,-0.17777219645508496,-0.0887428374346145,-0.2042518587811848,0.09941781754144177,0.06446766542298943,-0.013416615595757206,0.1250181354985925,-0.10747125156630336
-0.22455426064927322,-0.06262554965354648,0.12218974194092343,-0.2289745329492885,-0.04677647848014196,0.0931857601970955,0.07073741008229835,-0.7296307086288812,0.21889757880795094,0.28463036038418543,-0.033360435437069326,-0.2969414971701522
-0.2528352339986961,0.10925788774059181,-0.19083306412118803,0.04302375347593534,0.02561083482832011,-0.11866917485331253,-0.026465569443345213,-0.46712499868445834,0.07013579406657806,0.2655378706743313,0.29410053105341577,-0.2589311716564054
0.12063243716576376,-0.18196235517965273,-0.03527714199002125,-0.21947647962746733,0.027484826949716573,-0.20558955323579628,0.024450358871435388,-0.08913942362080823,0.09446490182336399,-0.2599146152101376,-0.190455311869255,0.1127379720304452
-0.7253290828838899,0.7565362001542734,-0.8071703617100874,-0.5992638353337995,0.05528513581371982,0.19588306217550405,0.34620254544022044,-1.0824769265280243,0.14732932828853146,0.5273413204186544,0.08066048041754753,-0.5739186847466408
# Weights from hidden to output nodes:
-0.9711571452487234
2.195349861819228
-1.520728981475717
-1.369046251232464
-0.16203971853376936
0.6609887161424264
1.2815023466279705
0.20676819282658437
0.6330485758036766
0.7620202334995038
-0.26226735629335457
-0.9431763227059132
# Biases from input to hidden nodes:
0.26308327625694194,-0.7594894495675297,0.42213996446794305,0.29009963906700637,-0.001227443040191637,-0.13854343884209186,-0.4502213982497994,0.21471517020402237,-0.3213251198560338,-0.18298366364087054,-0.13557556445891109,0.08423680880996347
# Biases from hidden to output nodes:
-1.3622232694178456
# Number of epochs trained for:
4000
# Mean squared error of finished training:
0.0013017268567295061
# Number of backward pass calculations:
18308576
