# Weights from input to hidden nodes:
-0.5003462356062408,1.0879848916264208,1.4786885947397386,-1.4381797260791789,0.6904641628312055,-1.8033472869696843,-0.2831279074524399,0.4621744739750545,2.1032726211296207,-1.8326171491402432,1.0016563336283035,-0.08727150303016594
-0.4139312016275463,-0.6197728469781574,-0.6213000549499023,0.7818438812543431,-0.2710118104820979,-0.2975578573476782,-0.27924414725020436,-0.1049723483831613,-0.6529356271862709,0.46564413611854366,-0.517532303623654,-0.10065059606607521
-0.39608146772026354,-0.02634488675224874,-0.14728306019972012,0.1355059005643606,-0.24265565516123697,-0.7531438927260056,-0.5227336327204158,-0.2010859424114379,0.3728005570840225,-0.1260670114570473,0.06328752539364932,-0.30019359260827955
-0.4134091595368586,-0.26865553784070995,-0.29346974220393157,0.2751858465088141,-0.4475117172910308,-0.2012844060811079,-0.5924131187606174,-0.3352116619391045,0.05480161406841524,-0.11091437685155192,-0.11931126286387567,-0.21755924726507953
-0.26692764099366156,0.17090233450453315,0.15276304140321526,-0.20092023630638015,0.010616793183573106,-0.5924064505145762,-0.13193851172616938,-0.38841156736946025,0.062400359794672705,-0.36979821179161765,0.05010763320507045,-0.36580278287348683
-0.24883447339703957,0.2301728670171003,0.11429172736522478,-0.3658374317960451,0.22769367777658292,-0.33089508373466914,-0.25353336401801474,0.15898776856646119,-0.07245697331785933,-0.5202191391125801,0.4218967327840424,-0.24635416018102466
-0.1500394603649314,0.2526902368999311,-0.0046438410067496565,0.0579318563555648,0.07813863075865225,-0.24911824762855206,-0.45239359483560226,-0.08905548069705775,-0.34902646425309547,-0.0056112229348315255,-0.11370292089893727,-0.021468249828998847
-0.3029753772080697,0.6501116834598346,0.36177966638894066,-0.6279039598419761,0.36289406441298183,-0.8128659257613629,-0.24207203015262202,-0.1476249278587356,0.3978548493126397,-0.3747280571493776,0.6731462468643473,-0.39354760603062316
# Weights from hidden to output nodes:
-0.554408376080371
0.9784827760477234
1.1393452179357153
0.7745507395089485
0.3634764058530982
0.4045953621229329
-0.44781255896543304
0.06281823840569628
1.6877526199822281
1.046929495228833
0.9271719547371345
-0.3057057198451822
# Biases from input to hidden nodes:
-0.4868305376681283,-1.1094969639326202,-0.9076939061041602,-0.2066517255040123,-0.7557562675005932,0.22347495347952231,-0.30479406326401876,-0.6361846953182756,-1.3866504861222977,-0.053198954393659126,-1.1255667080656147,-0.6787241426292369
# Biases from hidden to output nodes:
-1.6913720667076675
# Number of epochs trained for:
3500
# Mean squared error of finished training:
0.0012392041378695604
# Number of backward pass calculations:
16020576
