# Weights from input to hidden nodes:
1.330631446671003,-2.983285719488021,-0.7167780720819462,-2.2252603576442067,2.6992928742704088,0.5795460334122995,-1.3168439944183084,0.2717471391656884,0.7995507176584922,1.6532228690854778,-2.1533941111638026,-2.0666031875372406,1.7150123765693526,-3.2692161382740546
-0.7115993507084304,0.745516007395516,-0.11433772928619565,0.6643905183997029,-1.0424736578189573,-0.0112135019490564,0.26507858887102476,-0.3482649214539432,-0.23053355609237755,-0.5339970270491396,0.4733927512823527,0.8119845656209956,-0.7062971607115891,0.6443929961607745
0.02964693982900765,-0.3354223580518552,-0.25439444524531823,-0.37194833095020213,0.3143828749415202,-0.14703571737685459,-0.5337737436564964,-0.0802678440361672,0.17486078416275105,0.05752349623756686,-0.24256733667538877,-0.6599242296646036,0.19998796038751088,-0.6470541326596275
-0.42738544974997567,0.14905954907933067,-0.23385562932748916,0.12665131188370055,-0.41050171937144475,-0.25353296498518746,-0.28682683290935657,0.10564943742253703,-0.18539459490930588,-0.015336751233778718,0.17517221366515592,0.319508817419332,0.05082267310283082,0.15516291182466097
0.056196543206863334,-0.32286624110969686,-0.10447121245945183,-0.4986057935875347,-0.10067443400916766,0.21729194129097107,-0.32177698114942255,-0.15207818405084145,0.17649798154249544,-0.0988794963817281,-0.5423342281887573,-0.3450696432601878,-0.15941402977908148,-0.29228939860752634
0.5679470632398379,-0.4917526559367924,0.03391600401901559,-0.4453688749871907,-0.110972636847048,0.0316476704452994,-0.062360581083581265,0.032005148568538234,0.29660885097734535,0.3290037261426552,-0.32643994841573665,-0.29363512738475,0.38826794007256704,-0.6345699329072538
0.1984665190969688,-0.4530162746470713,-0.20537976178559397,-0.22823040219295757,0.11417103651825436,0.2219248545848953,-0.3961135473675293,-0.0705282116396022,-0.1705979592552462,-0.027646429259342464,-0.24526042064626236,-0.06850617717301052,-0.020715010360259137,-0.3984888309777433
0.8627053385832802,-0.5604335790516701,-0.2246936411273979,-0.69257489910197,0.42851319576443153,0.32732298368939394,-0.5411894843097407,0.27678721524047223,0.4750458945278501,0.6160694433195237,-0.5427335583115697,-0.6803960026434777,0.13386839996764238,-0.5161777043888103
# Weights from hidden to output nodes:
1.2892694695044162
-0.04678800770784413
-1.192947886296619
-0.12710732719317788
3.259191353768152
0.18525909281738706
-1.4055677335571632
-0.1516125654476416
0.14968068461777156
1.1498990173141037
0.5479484117053058
0.6066882051108753
1.018195485845042
-0.5344270568450284
# Biases from input to hidden nodes:
-0.736076379776777,0.8446446173368339,0.17323761888275296,0.32092692437802967,-1.8412488016413258,-0.32458613230085265,0.12349368972558898,-0.3265356707511114,-0.16741263029960024,-0.7570539632015542,0.4926080223298057,-0.010470948279865415,-0.5561362619994681,1.110759291290284
# Biases from hidden to output nodes:
-2.2868766956134428
# Number of epochs trained for:
9000
# Mean squared error of finished training:
0.0014157031812903813
# Number of backward pass calculations:
47525280
