# Weights from input to hidden nodes:
-0.2297638709318947,-0.03595816355622183,1.0487317433205203,-2.258200125956853,-0.6463145525671807,-1.3008834701824603,-0.1516319390165198,1.7042235518562208,2.2405307301094726,-3.1184453846629876,2.4684193578960376,-2.4964259695651436
0.08531742521739559,0.004554107255148381,-0.55128091893335,0.6719627305000562,-0.02102670954140249,-0.0995649623613328,0.04243380616557487,-0.5956166924756834,-0.8500104955236412,0.8075634390041059,-0.9509995008356867,0.4371572037021423
-0.07865943143552433,-0.18571026155863457,-0.009716382482224352,-0.6531978461377055,-0.013534132354439572,-0.1532193392699431,-0.22499615844260248,-0.059103018804485305,0.28080987620415027,-0.3112661485239627,0.46817754464636147,-0.42937854663149033
-0.11157694828471752,0.1445138016562106,0.16240168693652338,0.39043418615866443,-0.28433292835135565,-0.08346646567156732,-0.05516364610058539,-0.009389971983128124,-0.4442517657248091,0.0416816545370952,-0.557301664577269,0.09854698407492071
0.14074196264310493,-0.17311128683158844,0.020987265422523618,-0.8203695140653816,-0.3957405266219443,0.05073136525661054,0.012667221623858317,-0.18464614665503742,-0.5204249362879924,-0.4352632525262445,0.1160059657591734,-0.5192117874616811
0.28815085893362286,0.10142207915306307,0.22165981828961,-0.21425682243204536,-0.18839957356423515,-0.0882066374781137,-0.07990938160870845,0.1003156501051102,0.09056855838247345,-0.13238120594780173,0.013822133644614988,-0.1584227340397706
0.30202048432153883,-0.2636628394286596,0.4962039106716053,-0.9726336567620973,-0.004299193014205724,-0.5535561970500242,-0.08526885804218315,0.18910559377564148,0.6564603862652929,-0.5758878612135081,0.983929609538195,-0.7594366508632828
# Weights from hidden to output nodes:
-0.41869258877373905
-0.471918613424126
1.0123433785678624
0.3811849814993614
-0.9412201923480685
-1.3576538490312016
-0.5738967571251882
1.4964946476194583
2.4375280086760047
-0.2982786993121278
1.6589068481240052
-0.3284673432818319
# Biases from input to hidden nodes:
-0.04638155650389618,0.13764965354931613,-0.6048574128740303,0.3888979755968543,0.3630517595259422,0.06795246108601317,0.28299158947196995,-0.528580885807727,-0.9313786322538213,0.6929982569139863,-1.2163410790126683,0.48487630815514393
# Biases from hidden to output nodes:
-1.5114145469601827
# Number of epochs trained for:
4000
# Mean squared error of finished training:
0.001818648722344252
# Number of backward pass calculations:
18308576
