# Weights from input to hidden nodes:
0.004405716507805053,0.10385542562735217,0.2565650328641843,-1.0317088505763594,0.21314160107795777,-0.26600886529301465,0.11101468864757642,0.341880826817592,0.46971901145167094,-0.5721428919847774,0.08177142292897892,0.26834028614773914
-0.1070122013048996,-0.3413725198348413,-0.34227962478183327,0.7172240583245122,-0.011705431519551507,-0.1224904161096956,0.010259563687475538,0.1771298857183582,-0.4631274887483168,0.41710056035099285,-0.23578713957702938,0.20358020128053458
0.1309792751041892,0.024014498329567358,-0.19649566542062066,0.18762832117602188,-0.08812567325387165,-0.13006929785932428,-0.044299957314204684,0.08060079120971365,0.1701867887403221,0.19170448051576186,0.13398795432062122,0.17293384117464525
-0.056726434303590846,0.062082197293623256,-0.08109893359548655,0.1734022897819036,-0.08856832280192979,-0.022444611004169838,-0.23851473595297026,0.012321392697436716,0.20388174389497218,-0.13462024643284648,0.21778374995462033,0.13989785111680958
0.1335006506353651,0.3677070481741804,0.25991932394720807,-0.8743778550037485,0.2668665110427803,-0.28852898855537523,0.2546264122022088,-0.14795731703942105,0.40323557474964955,-0.4973309031769987,0.24242515217204244,-0.01235348865503876
0.06582915856929153,0.10284519038628104,-0.001983294007067565,-0.9923929329208987,0.2742835840272255,0.006506133283735789,0.03313102319971567,0.2787959846544302,0.22678211415647964,-0.5770425340088616,0.34055583947823354,-0.019615025217651974
0.13522239417274085,0.29340548487770374,0.08334696563065444,-0.22048267622711376,0.21518511730630185,-0.057127805570922306,-0.1852606568332809,0.11238515400255995,0.04902610981922548,-0.07370696497887953,-0.03319509328343276,0.2224009983803363
0.00041377273703613755,0.2802368675864005,0.02713820892106982,-0.8388297077598749,0.2532104883182031,-0.2896061005086239,0.015949659602364698,-0.08737138739755725,0.35958314858565443,-0.1373102078051895,0.36450167248401444,-0.18197795960078542
# Weights from hidden to output nodes:
0.06470166552135169
0.46647006638385274
0.3381432192530218
-1.991366817979451
0.4191916151013071
-0.4430899310949536
0.08010969206481869
0.07236727449509603
0.7373671675960437
-1.0767291177766984
0.46237863148531927
-0.05603929120328029
# Biases from input to hidden nodes:
-0.13090721294809898,-0.17425234219413924,0.09326467692109919,0.19880396391932822,0.00037843792091559944,0.15617024556649106,0.08018017125270997,0.0022204764664076363,0.08297415907654086,0.03255529175277378,-0.19014405469487122,-0.2292084957866631
# Biases from hidden to output nodes:
-0.12672424843881816
# Number of epochs trained for:
10001
# Mean squared error of finished training:
0.006729127159588312
# Number of backward pass calculations:
45764576
