# Weights from input to hidden nodes:
-1.8176319371043157,-1.9559403233272257,-2.1435781448141364,1.9465044434704595,0.9759697009721693,1.6080312286340512,-2.0259872683280076,-0.14565707615392326,-0.2265103699032532,-0.9495859476387842,-2.4517524823373367,1.0716990007635954,0.9270985147164992,-1.1112211773792786,-2.3017036236350723,1.1973867764568542
0.535343809443585,0.3965750087872442,0.3705953389291521,-0.9343961737546186,-0.5892578203972124,-0.9785547921914072,0.9421633586922273,-0.18314900489023342,-0.15078268807756512,0.1470965253844504,0.7295189382397822,-0.42404182584446093,-0.5086775773494406,0.14594669062138432,0.7729502377455062,-0.5249031206982795
-0.27508058226805143,-0.2997780814251828,-0.10432610492033784,0.1182716124276114,0.1893809325745499,0.24871401964246362,-0.5081461331518379,0.04054479622914301,-0.049301870057522915,-0.30454713583326976,-0.5187700481414456,0.324762057646407,0.2884962376978468,-0.1964119131301862,-0.043011978168738516,-0.15482643482188732
0.0940486010726205,0.3455559229396584,0.19138601831696064,-0.20954644495088254,-0.027257816277409502,-0.5727491061058638,0.44406182789549864,-0.07093517693697432,-0.26538573801593623,-0.15060470834429887,0.047671178549782665,-0.24397693933794876,0.02762678281205127,-0.19176231715256298,0.044453720351050524,-0.46160764865159654
-0.3462955910564256,-0.554625819515079,-0.33249610223463083,-0.19087930102491357,0.051186049251638346,0.022615026512655616,-0.8216473271009391,0.10893195773614603,-0.031640961878161566,-0.028111000775272184,-0.33229821417811783,0.01828294999262073,0.053625371028095246,-0.20970190214531959,-0.46576985426725576,-0.300739392850773
-0.21597251520754637,-0.22768697887276942,-0.23639118868903597,0.06092883231416791,0.26715147448694726,0.24587135102664137,-0.5065220245208837,-0.1640959041220236,0.09250662864248875,-0.03463242919724929,-0.2793039518099503,0.09030082028532914,0.0790497071146911,0.08593063137002396,-0.27341659295676257,0.28243553759201795
-0.10058265329456749,-0.21370647310400864,0.04163486399983259,0.16427524669158583,0.17309332155883964,0.3009023856214731,-0.3587738471794511,-0.1870808901113572,-0.15727674637810804,-0.06729317769035295,-0.1919494265265233,-0.16010178115623266,-0.19352569181417217,-0.18048712038240244,-0.21761630593110662,0.1874126464651078
-0.47166645329417906,-0.5882323890015764,-0.7001480444899008,0.7140786183008495,0.26107014742288354,0.5369454523114162,-0.7668294391360219,0.1773606542752488,-0.050442853815011526,-0.020897328358444527,-0.38564575153267333,-0.0211514387606408,0.006647786221034904,-0.4748102531518077,-0.7408506617707049,0.5651077820448742
# Weights from hidden to output nodes:
-1.2633571456315904
-0.6354648620859932
-1.3794465449012991
1.4881691348781514
0.8736767671169987
1.279509955504837
1.9021031152688224
-0.3975061618592543
-0.49717010456564775
-1.1300794089974415
-1.08943410085286
0.7622456608340209
0.7039394073248599
-1.1070632879033213
0.5915061886427253
1.0964480441587714
# Biases from input to hidden nodes:
0.3145022045327794,0.3792254446908511,0.5152694430286081,-0.7810526791162591,-0.6172672808101699,-0.5533850635943468,0.10682201408309305,-0.05531186825964605,-0.19252833129394992,-0.11287124233099119,0.6903080267929977,-0.25124669142901607,-0.38360058684814696,0.02967343585830511,0.17324872482556325,-0.20962549288656643
# Biases from hidden to output nodes:
-1.3135948911019002
# Number of epochs trained for:
6500
# Mean squared error of finished training:
0.0014648081413478928
# Number of backward pass calculations:
38901984
