# Weights from input to hidden nodes:
-0.668851514734244,1.7021069662555757,1.5091353705682133,-3.727992449231383,1.3288288615545154,-3.418780839908239,-0.1947723257548703,-0.18467715967462955,2.2702097515124686,-3.5612775501322895,1.4406103791519682,-0.9847604077683834
-0.024899079203150914,-0.8850734363430611,-0.7301984817351316,1.7829727093417276,-0.3869328437426421,0.6485355794360573,0.024300624854212936,0.24173210270588727,-1.1174766243138592,1.361136204049459,-0.6932580743346493,0.3905680483225727
-0.014187648031119823,0.2188107938684796,-0.019655603417202894,-0.45769499946383874,0.06071112637577012,-0.6755682103501411,-0.12187010714224408,-0.03692489251983097,0.4671102710222158,-0.3676999056883851,0.32119424875659297,-0.09576560960975354
-0.05528907971771165,-0.2941087293908609,-0.31587536073364914,0.7100390496318196,-0.32715458100326616,0.31127805186467855,-0.2578093008330598,0.015352531582281422,-0.22043078205983652,0.34205520878532614,-0.07445289830131564,0.16584386672124918
0.0982520865563701,0.4039548101356082,0.320053696691324,-2.5581677929178537,0.36040368816302654,-0.9922920336171727,0.2646437498971139,-0.18654675385688213,0.5690064676716732,-1.64909856782772,0.32641538202754883,-0.18075888056827685
-0.009769344753964083,0.10121702633219437,0.0007209182542987804,-1.2594259220976887,0.29990716564680986,-0.29553230505926087,-0.0030722053842552922,0.220606870220024,0.168543821452108,-0.8443912282021548,0.3540318591514989,-0.14011840529193245
0.09720055744199886,0.18796406294641338,0.009788818659772037,-0.08684130464590227,0.1544483689506558,-0.049366438089885174,-0.2130408417214181,0.08223522707293704,-0.1267882466353007,0.01720136403759217,-0.12303806064249338,0.18554187578704598
-0.19100586478337955,0.6471974204109388,0.3001591695173326,-1.5221478118406135,0.524603518544916,-1.1532958373743571,-0.07349813257851164,-0.2405422337127992,0.7174797249225336,-0.92535365575175,0.6790048629664514,-0.5053764316434781
# Weights from hidden to output nodes:
-0.9985953862429897
1.7143999595737884
1.3393021792183222
1.6859670967758114
1.0320688390376134
-1.4105833050999832
-0.5967938763300419
-0.6995618509450601
1.3349000364016073
0.14241854998059275
1.335261854470788
-1.4436554246437932
# Biases from input to hidden nodes:
-0.02796560173186508,-0.8978626048505011,-0.42711209563803726,0.8470578298789284,-0.4707845334333226,0.9516292758684913,0.1060442005922263,0.07757878914311063,-0.7340054335280219,0.8334242865698015,-0.7770346700802268,-0.00997547756103061
# Biases from hidden to output nodes:
-2.1356857389199737
# Number of epochs trained for:
2000
# Mean squared error of finished training:
0.0018401361822219676
# Number of backward pass calculations:
9156576
