# Weights from input to hidden nodes:
-1.3497590473319803,2.2422652472936706,2.2439170814629006,-3.4043005558270223,1.4225539277355332,-2.954419996728807,-1.9226371881252533,-1.1871453772884546,2.4366372665110587,-2.768304866816839,2.0312402066354793,-2.317840523347008
-0.41458931046453856,-1.2950210925427215,-0.7256656105356672,1.9091507611993415,-0.41980676281483065,0.43517185004425174,-0.32560717124926253,-0.10426102057399374,-1.5026274100850954,1.6682001765842003,-1.1222219537279214,-0.055021405246529306
-0.3913612665290264,0.12696163662395116,0.14258352606904748,-0.5556932396449197,-0.12598320053527762,-0.6152586885528236,-0.6958731678397404,-0.4455801705815797,0.45597984581440915,-0.2969673255939742,0.2786319286459065,-0.5136492582350727
-0.21515942171331648,-0.3975962508567647,-0.23035140581646316,0.7196910443324518,-0.4538568323521903,0.21974973034937173,-0.3642303479783113,-0.10880587040071894,-0.16967432270461358,0.3728755553703738,-0.15172102707038918,0.08275904965417637
-0.05191973821977862,-0.1527149983067474,0.0027277665860841512,-2.692146169458924,0.0296897253510712,-0.5523743225921632,-0.0067260411401475,-0.4068666851646445,0.22557583206226225,-1.5244607223317266,-0.09076666314042608,-0.34784731340564445
0.04689844515019722,0.5670700626446521,-0.2765334250162579,-1.5607635482626698,0.3470013864203275,-0.2966154044615339,0.03272993832799787,0.23218275659615187,0.3023902798514644,-1.1769511305276235,0.6425978103993176,0.005730502999348102
-0.04589968212866944,0.6179918269471366,-0.14509772315641142,-0.22707547927168797,0.256373000485335,-0.27833106991619794,-0.3782114790839394,-0.083929263844007,-0.0742494698453245,-0.19437753115142706,0.12296040487875347,0.05230754299165678
-0.16570118459925715,1.0887656262321488,-0.10085453357294548,-1.356400775291805,0.5180262404276518,-0.8049947019741667,-0.18250441265823705,-0.2969534619446929,0.5657410531103422,-0.764204395984548,0.924466928231249,-0.39848723776739514
# Weights from hidden to output nodes:
-1.2303676014185745
1.6184756840977423
1.8036182821222337
-0.605732062374751
1.090905768809177
1.5935104000806524
-1.32127692619675
-1.0580582404823
0.6867442436101102
0.7395390666890187
1.3963844017822578
-0.8537712416614994
# Biases from input to hidden nodes:
-0.1316656854791605,-1.285626368751454,-1.0111807619151587,0.8715509060934156,-0.8151779612283337,0.6353773804049526,0.25612746496034444,0.030480967544566657,-1.0784910922571662,0.6195651390383882,-1.2465457093468346,0.11146364422100707
# Biases from hidden to output nodes:
-2.4206098958702227
# Number of epochs trained for:
10001
# Mean squared error of finished training:
0.0013895169688223333
# Number of backward pass calculations:
45764576
