# Weights from input to hidden nodes:
1.2317462794952327,0.4168027435982803,-2.0136171962440415,1.4593028614243497,1.150782243253171,-2.245311196232146,0.4517897260264553,-0.22374767935987108,0.5747723928810391,-1.3610576804911347,0.5170732643294766,-0.6721378200300134
-0.5114478580503878,-0.20684471521005177,0.7787637908215623,-0.6416921092416974,-0.5370468517725221,0.9836400819482077,0.01759520646825106,-0.15368190569899398,-0.4415694057545935,0.27843546250891693,-0.4982735380725159,0.3583000576588249
0.0477333762379802,0.1807591366624631,-0.633469664197666,0.027608783729408636,0.08263161385185303,-0.544744657798571,-0.17274005940460377,-0.30071561862978885,-0.12499788397793092,-0.1454705405816036,0.0847430102341747,-0.2212251179218356
-0.3622670577550723,-0.12605548274828549,0.046845135001568165,-0.08160729872555113,0.04393189012833921,0.4040696699167936,0.1224490815713225,0.012409328023871763,-0.15451471229259678,-0.07197692344101334,0.14280131408983487,0.3109958494183891
0.32047286577721434,0.10731786904037234,-0.6372313471097584,0.5552820904972464,0.23400804680026788,-0.6960177996812735,0.23507736747005298,0.16910821451555325,0.2750869953819813,-0.5080809298431126,0.022900871640055276,-0.2507236702546295
0.3994269410982156,0.06577161169901188,-0.18523416663562245,0.3057065566451286,0.29375155258169433,-0.26398945116380856,0.1915785948574174,-0.036184145840595136,0.04873224055710858,-0.1056764858383277,0.37976952378231754,0.08849483476414095
-0.033184589839776034,-0.14476769806268497,-0.18635094209092004,0.043115313736551635,0.0698188952871494,-0.21471705023248025,0.27122071078416204,-0.24170156101653306,-0.038850209137598436,-0.027268773230665316,0.2246334922537873,-0.3163495294617664
0.2929876298745164,0.37735938319416795,-0.6864694369789214,0.3929594192378321,0.16502697941680075,-0.7592080024684974,0.21608234067821497,-0.27800286192954243,0.4078238792634844,-0.4277164012434611,0.1140843148637086,-0.08957937889012278
# Weights from hidden to output nodes:
1.2072401743331989
0.34359512811692916
-1.5077593017917679
1.2451557535886402
1.0474327066428697
-1.6530136159227473
0.11503111129292717
-0.5447831072501853
0.5340269259890082
-1.2742348589708188
0.4715012354400304
-1.0692017182435092
# Biases from input to hidden nodes:
-0.4026533253646927,-0.2655223935886605,0.29950779710990205,-0.4810064875231233,-0.44101972550810564,0.3350747630318272,0.09274767953874594,-0.10526822051294922,-0.1794897231083379,0.09501368151562663,-0.16969686904766915,-0.07830519251515675
# Biases from hidden to output nodes:
-1.1013807160884725
# Number of epochs trained for:
10001
# Mean squared error of finished training:
0.0016215336595295496
# Number of backward pass calculations:
45764576
