# Weights from input to hidden nodes:
-0.09332905346787135,0.1758941562514283,-0.23957553511740481,0.13881718569519313,-0.015865310310401948,0.20147020429749646,0.1489711440828288,-0.11850617020266652,-0.06471089551023795,-0.14835082040949976,-0.10949179872523729,-0.05606112058150786
0.03239719541672742,-0.20580433854497898,-0.21399808057911623,0.21722432820799653,-0.1960276657270223,-0.18686902046085874,-0.22329472175056897,-0.228143300765484,-0.19695327128004064,-0.2125616721492622,-0.059675092840683175,-0.23539575197916274
-0.23963129975481695,-0.155200829528075,0.07555006312222146,0.048797555380331537,-0.024023104658679073,0.12309370811379677,0.1402976483343531,0.22489987724258953,-0.12180938977971467,-0.11227011381821894,-0.24888597195373113,-0.09973130560488574
0.19368050877934645,-0.1175026859565651,0.17978197195456874,-0.021714476520804438,-0.14169301033124326,-0.04978210338630018,-0.11420823296514182,0.031755422258232247,0.10484207753194291,0.055217287718623886,0.16382990569481287,-0.12594709320012387
-0.022118465480455707,-0.032149738170151265,0.23960558164179757,-0.06103896410953258,-0.14200292921264557,0.09680946472917762,0.058541449089192954,0.015060055214390022,0.07789314448679324,0.1806225329489518,-0.20002839747520806,-0.12625410028400147
-0.2168035511298499,0.013611636979301844,-0.13925895210298833,0.13639811090310638,-0.081548865528625,-0.11115457901433068,-0.037390645193480676,-0.2181368466448232,-0.062702050974912,0.16277771286828674,0.1472180842104573,-0.1879956514850354
0.06325049234095181,0.07939627090150264,-0.07601977816223554,-0.22801275593686515,0.024479496891649244,-0.12454674088581558,0.18081759838597533,-0.1276555322530476,0.13326231109842174,-0.19532418554397574,-0.1997348000994787,0.09071645794650574
-0.05790237448704888,-0.14765551763782392,-0.24498142482326485,-0.0014000691485480665,-0.004707443519741117,0.009809283836969718,-0.10686554655611308,-0.13812311423840568,-0.18625246136315926,0.14520017591980788,0.01501378969988193,-0.019460283648891075
# Weights from hidden to output nodes:
0.052527492239109436
0.1301853706513281
0.031817293663786855
-0.05978153051617603
0.03842153450165617
-0.07841685829092263
-0.016904097131570706
-0.0966112753604218
0.06220833009063828
-0.12273905741755549
0.05953518446599218
-0.035402788292562964
# Biases from input to hidden nodes:
-0.03536900736111026,0.19372782285789514,0.19607307073801156,0.08506615334509682,0.07307706612272136,0.0869077210625206,0.027379876062584962,-0.1512151424712861,-0.07128392175193865,0.13747893745026868,-0.05753739501576327,-0.12787136867848853
# Biases from hidden to output nodes:
-0.10265845093223014
# Number of epochs trained for:
10001
# Mean squared error of finished training:
0.3994514185841408
# Number of backward pass calculations:
45764576
