# Weights from input to hidden nodes:
-1.7641782470661205,2.1068762958240557,2.6337438833698914,-3.6638611369483733,1.292419108847052,-2.650048405413236,-1.075374043550562,-1.3675553103630553,2.720523446980646,-2.8023937926132882,1.7763563486776783,-1.9490142436953402
-0.31949451013675556,-1.3265039183823155,-1.2686271926671595,2.112317938052255,-0.4589270450247626,0.4332374366641805,-0.22193065167486098,-0.0752885012730334,-1.7501385996195098,1.8280094882007518,-1.0083239150135384,-0.04477817279338418
-0.3893043568867045,0.16148714292146135,0.21294973310280182,-0.6443389263451634,-0.04882023579489352,-0.634168354672995,-0.4800088663374295,-0.46727583341153633,0.6722259343016421,-0.3186760401337198,0.31944997055839086,-0.4893088039487539
-0.1717983145289461,-0.4213186417448667,-0.36483021932740917,0.8780015428163487,-0.450572574388588,0.20421172608276406,-0.40549710978424186,-0.10670563814395093,-0.20699642977284582,0.46126570294734087,-0.19758430914999334,0.03493766596416205
-0.30469658442101766,0.27155350589288846,0.2737417808895416,-2.5277044375642816,0.22130766788900277,-0.7646411235587295,-0.06327550905528259,-0.6057806011156005,0.47430189476179746,-1.6133353083776831,0.22861545800714012,-0.5628763424756755
-0.11244937740015692,0.35333651322574156,-0.20859071232871637,-1.137518581545237,0.2847731254058956,-0.1974441633299501,-0.10368819731478622,0.09050444030239904,0.012791224172179805,-0.8492645773085281,0.40180121049402073,-0.14505710294830904
0.021545156006892573,0.41524413714509806,-0.11943476868903881,-0.11580755797588244,0.17748185530742677,-0.14867552287458893,-0.29351627120818163,-0.024284549209471373,-0.2299984806994271,-0.07583722542265862,-0.09250236578756982,0.14559339273697683
-0.3922501514539093,1.0921100614751487,0.3721001200501026,-1.4757467805071824,0.5580173097342064,-0.9244610042152084,-0.26172545563058863,-0.4986566712774804,0.6908370521160193,-0.8424997456550559,0.8598020484157587,-0.5878838491505107
# Weights from hidden to output nodes:
-0.9752562895307775
1.4087106766690836
1.7014605469903448
-0.46226509956166756
1.012178053146788
1.521897329654637
-1.0182116083346693
-1.1064339096307625
0.9097635330275221
0.78580602793998
1.2964351738569724
-0.853570610048917
# Biases from input to hidden nodes:
0.0666348312695178,-1.1629127079888184,-1.1239578923009912,0.8873620427428779,-0.7158693313054828,0.6153109138726193,0.11135574197475395,0.1417433277108367,-1.072005712335011,0.6283213649284584,-1.114200150743689,0.06921462198390124
# Biases from hidden to output nodes:
-2.6038834815583134
# Number of epochs trained for:
7000
# Mean squared error of finished training:
0.0013968538467942358
# Number of backward pass calculations:
32036576
