# Weights from input to hidden nodes:
-1.0201992432866973,1.5706780504634164,-1.4320988796779903,-0.8057773764168885,-0.4182766344065723,1.1356449880236992,1.3864774447990609,-0.5901493824992072,0.707448859856075,0.4779552265031993,-0.8087840818857339,-1.0341594847359594
0.008244706876676396,-0.4276944797886082,-0.47685537532005057,-0.09655789884373148,-0.6808819131844593,-0.19035917719986709,-0.20946077775791308,0.12097322564700162,-0.45294645799419514,-0.545090824068687,-0.579041770063839,-0.2890746828789527
-0.48024500120175456,0.008222209043447753,-0.4051767082701718,-0.5188030118930146,-0.6329803886756745,0.327238331806343,0.4674844146864856,0.17351249139007185,-0.15441972649394872,-0.26727895371141713,-0.914251955999717,-0.4124931788497814
0.010474829069212167,-0.15653261453583978,-0.21638525103614012,-0.45717274961144405,-0.6173482862903082,-0.036095126354596246,-0.07537830430729041,0.04818711279839106,0.0077037084674285465,-0.15317451978301025,-0.3569684178092974,-0.34588001723861156
0.025436780650903226,-0.2831237130528883,-0.050470624629819966,-0.5167280962143199,-0.6138102849093984,0.09525088554282636,-0.03381646571623113,0.20809533061914962,0.16325199999373713,0.14080933119402275,-0.7166664241473388,-0.2437207462666981
-0.41561731149189585,0.610675610160254,-0.5402314424700146,-0.23487507622956766,-0.31424203624678526,-0.1936220619113025,0.01725295779124965,-0.24323887187348578,0.09604824363585426,0.26660349420206875,-0.15423624990983378,-0.45371504969322274
-0.0817781977489752,0.32293448990320794,-0.3582406375174282,-0.541659434675563,-0.2861162733737839,-0.33896220659675425,0.036513489019447905,-0.13865372085230454,0.07372788946983781,-0.2781747161674374,-0.552911195298683,-0.09062461710718614
-0.4334288660460162,0.8436018656100542,-0.7525257231255258,-0.4424002670241345,-0.2417511236647623,0.062157252418259604,0.19811026785843033,-0.3299639403203681,0.059347149577193295,0.366822067123197,-0.34185610262944444,-0.43217646510596247
# Weights from hidden to output nodes:
0.8786570826084084
1.850455802601529
0.6551343537615858
0.2404162597044886
-0.7688241143408224
0.9449789475743583
1.6314747270246983
0.4269246751003663
0.7813266301712203
0.3640997951789269
-0.6295156804023436
0.6680630991467753
# Biases from input to hidden nodes:
-0.34670509128287175,-1.6495245944555605,-0.010744671279228105,-0.2213620599023395,-0.3529563903268992,-1.1316217099399768,-1.5807222326201353,-0.728203720824379,-1.0637978351344983,-0.8378110936704638,-0.34399273397082214,-0.3316081527755257
# Biases from hidden to output nodes:
-1.654111905456054
# Number of epochs trained for:
5500
# Mean squared error of finished training:
0.0016018481134404698
# Number of backward pass calculations:
25172576
