# Weights from input to hidden nodes:
-2.894359337220417,-1.2810332074203998,-1.4519854397720569,0.8694839109688832,-1.315542348073372,-1.87049573113379,1.2607251612647168,-1.0094480303698745,1.6634858100934278,2.1242214557997907,-3.0476170975476236,-0.19685810053519787,1.1870243751469953,0.6431987337668098
1.643963558829612,0.1418382932053188,0.26889815670269834,-0.4373688105263949,0.19086676204047576,0.46709495334852436,-0.9087543736335401,0.3457546396859387,-0.8730764865599157,-1.3280306589283777,1.5302481399221681,-0.09546793765028315,-0.5874860675618102,-0.5659880008473777
-0.5516464423488704,-0.31198476488868987,-0.478319764770832,0.21659824220765103,-0.44876626002468334,-0.6116481552864607,0.2932257393934366,-0.45791611680985866,0.07121347607123125,-0.1297546219206576,-0.28103099064158166,-0.06139310078589153,-0.05670505116353874,-0.03453799268957151
-0.033715899693347776,-0.23509838743946243,0.1595537488115829,-0.14530532199212906,-0.013318735046199503,0.25318222931824386,-0.31924185515372727,-0.08697750364621719,0.02686108127487593,-0.6230677713237013,0.41573653491632334,-0.03012158648660383,-0.19747555978233097,0.10590603318534345
-1.691669124625899,-0.01958481249598847,-0.38979593375105354,0.30499817374813826,0.024602732825190897,-0.4796815960102751,0.14503766158000458,-0.30777658814966347,0.3066882393709889,0.056268847012755925,-0.7922480162500232,-0.08922045655980146,0.10617653889339586,0.46269730187953023
-0.7915265856740229,-0.07678008647196466,-0.003156811054385658,-0.01123363584715287,-0.11544347800090399,-0.24061970904223778,0.17643410587801706,0.1417469692419164,-0.15721339782699037,0.39523133380661685,-0.20083721661986803,0.08064451570437361,-0.02436289841789473,0.26240572516988475
-0.331294270747593,-0.05092215408595464,-0.21628633723357732,-0.239237796920959,-0.0741349778623262,-0.056067867513489744,0.01958628669111948,-0.24651536109486852,-0.11101051940856488,-0.05368296166495144,-0.15564314621878592,-0.03190836251104992,0.020401082869208543,0.29660351621064246
-1.1408278154611338,-0.1303265681520305,-0.5338207785861315,0.4693840952620081,-0.5236976644369602,-0.7485315344508017,0.6062340822064431,-0.3774536379098126,0.3051489396141732,0.7262017118086492,-1.111304102355935,-0.0530870622626323,0.42554899773842575,0.17919540429950936
# Weights from hidden to output nodes:
0.628272613703185
-1.2873860879812173
-0.9674516339429428
0.5468107125053846
-1.2651183885430008
-1.092022944159171
1.192328899191873
-1.0580402579761252
1.4856043489371773
1.5564292125719081
0.49103991819709797
-0.40628641011212624
1.166977076605468
0.4178019236883943
# Biases from input to hidden nodes:
0.19384839873287676,0.2156131020210824,0.06040706890266566,-0.08701293940046659,0.15324251362234065,0.47126801419520836,-0.4726517686118848,-0.10969266798410822,-0.7752246169486491,-0.5632561772542182,0.2533683893652543,-0.09980331304385122,-0.6238889476278802,-0.23134900394346067
# Biases from hidden to output nodes:
-1.5551708035371445
# Number of epochs trained for:
5500
# Mean squared error of finished training:
0.0014094352083344
# Number of backward pass calculations:
29045280
