# Weights from input to hidden nodes:
-0.4761873190270601,2.6523017618533875,-0.4069078131073655,0.10984177280073178,-0.18118358362179843,0.8595680731919202,0.5518352110303872,-0.38957416996389765,-0.08073707251942115,-0.21745632364263362,-0.28226715859468554,-0.4977205521827476
0.27389679301332426,-0.3937899378319203,-0.22248464617682862,0.157405633442298,-0.07857712223614512,-0.7003396231612138,-0.3153651398413499,0.6462194505787744,-0.12399622601183946,-0.1557501588024244,-0.011579163304345262,-0.8009707051015174
-0.6327863753744369,0.3786330784954528,-0.02408627016498455,0.027426145174242803,-0.09020367458877102,-0.014068283816425114,0.34787316620286557,0.47873821496078445,-0.08670757348694973,-0.07737809391281845,-0.2441754847709514,-0.10637187063421034
0.1361921069280608,-0.06608257543443961,0.12939059230186659,-0.08512963740906357,-0.11317771406290959,1.5781178369348787,-0.014074783426024475,1.1305399012729545,0.12751759277798996,0.03027252019293194,0.07991430751416768,-0.4080340152456823
-0.1970087015378863,-0.43821009037231223,0.2081657838375263,-0.051015482326227095,-0.10589694333962658,0.1633948527548031,-0.0901340125612209,0.5871866137210354,0.0472076185969924,0.28698785766128876,0.04450302061256618,-0.21627792954144967
-0.566472429505595,0.0653437371709014,-0.1623068378563808,0.20921488747711922,-0.11034168083550024,-1.1984204972411776,-0.17308120928066248,-0.4141035364438683,-0.12895834647462345,0.1565385149489137,0.31934267122389276,0.08582416062251852
0.5802869073568577,0.0916331838028629,0.04514028654599701,-0.3304034175564635,0.18572524841937885,-0.4263363051833561,0.06209896531259022,-1.282213955773742,0.27866990072192677,-0.3044659349376063,-0.11964349088711647,0.4506673945822171
-0.4658258707583605,0.8510426600960687,-0.3316005726465635,0.10267399199427571,-0.15338372899742295,-1.5113958081455097,-0.08047626351745944,-0.6253155841382365,-0.2811319253877995,0.16208519060697976,0.09329050672917766,0.027714742758223665
# Weights from hidden to output nodes:
-0.2532061022196568
0.583285848691392
-0.03968309228491152
0.03775282983831926
-0.06057940043718902
0.2584629346479067
0.02692712272292382
-0.4423595728942561
-0.05423180130998202
0.08172692118779316
0.0341835987022475
-0.2494659981343132
# Biases from input to hidden nodes:
0.39382472428265636,-2.403876228673849,0.2978134479837368,-0.053007792518300845,0.31551376614916654,0.22343931258481928,-0.2375446902757014,-0.5782711987080151,0.10000846576706057,0.09953988155052441,0.1443200506519104,0.38390592018488
# Biases from hidden to output nodes:
0.7507086141445966
# Number of epochs trained for:
10001
# Mean squared error of finished training:
0.0015494807906367763
# Number of backward pass calculations:
45764576
