# Weights from input to hidden nodes:
-2.0447103120983643,3.141183608597721,-1.906949281131872,-2.188114039371119,-1.7649487414333527,2.503995095233446,3.6254627923142153,-1.3975665470853307,2.0110623251246724,1.5333773593479276,-1.9133845013381274,-1.5694804557517286
0.5049073592577563,-2.5368570783293425,0.24645424228379156,0.3474867266729727,-0.7670317795985331,-0.20658287429766523,-0.9083500040711876,1.06837729967302,-0.6307907463612927,-0.8385840894352404,-0.8272502633226584,0.2661175138150818
-0.8859707481059893,-0.10423564988320727,-0.6329959807212772,-0.6905041331449396,-0.48688549046880714,0.7650914316508882,1.0402465314079044,-0.15995916263794038,-0.07240597751369869,-0.17911009929853527,-0.6661782653513446,-0.6244293287152705
0.07457609775947872,-1.1125441217285694,-0.056058301588387115,-0.2639323258493385,-0.43790983558616803,0.2163737012177809,0.10443781076724828,0.1489698738317208,-0.03106248674346574,-0.3247482062488301,-0.14413275809808887,-0.21376132377143264
-0.5877911764033091,-0.7411140897681304,-0.29247886360559255,-0.797109798731533,-0.6633913884647278,0.4753089167092851,0.27241067107164796,-0.695155391471807,0.23693339487568413,0.16983728713570584,-0.652661628483626,-0.6309267548417686
-0.1409978069757993,1.6924539939968128,0.09976708988610004,0.0500851980433213,-0.5161295979626238,-0.47097087244777214,-0.3882052557227691,-0.3996643956352051,0.07264134490054039,0.48705534912434745,-0.3800727062400667,-0.16520382083848978
0.2326103746543061,1.486326970967211,0.2745205171462506,-0.16193369486754114,-0.38786187313764,-0.35891102810407843,0.03405499407122514,-0.11316780883885627,0.2872454589213644,0.03182780873767369,-0.764188942207001,0.2209388924594729
-0.5991383546420996,3.1537761062840066,-0.519603927690942,-0.632602149353811,-0.6755821504004516,-0.05448439513532638,0.3050452793456273,-0.8179104785331404,0.3954500367997729,0.9644611293651362,-0.7623118189928724,-0.4781469480475618
# Weights from hidden to output nodes:
0.5520822364802155
1.2158227245162987
1.042817504683234
0.858151234106062
0.2852067372127321
1.6367590011126438
1.955805063868136
-0.16271394400687608
1.503544935714547
0.9053857152120595
-0.2107122210345372
0.47162338528122544
# Biases from input to hidden nodes:
0.1297648278800948,-1.562633518205377,0.23653529604765675,0.39427631406399744,0.3712336939919941,-1.3382264319664747,-2.2684828686684644,-0.397049039967084,-1.5868889712869758,-1.1985340592156128,0.2703371712063321,-0.07500553895443643
# Biases from hidden to output nodes:
-3.8893402273278803
# Number of epochs trained for:
10001
# Mean squared error of finished training:
0.0013269415787493365
# Number of backward pass calculations:
45764576
