# Weights from input to hidden nodes:
-0.32499688568508467,-0.02742884943695663,0.09674650323290303,-2.1002361861476824,0.015898018852620384,-0.7578519499953278,-0.23197836546923337,0.21318310674941995,1.1125969354964158,-0.8052951064025932,-0.0002922899413311535,0.300768644234007
-0.035899219467825524,-0.14928423259786167,-0.1924252417758923,0.45814858736121994,0.20540835699852922,-0.32259450053288824,0.13568403838990015,0.33543368986826133,-0.9095422602368123,1.3372485035653152,-0.11487467998279656,0.539292046624257
0.32966070037099576,0.05725533200882622,-0.1127558574215422,-0.33893292160909194,-0.1448910433827335,-0.028534069677666644,0.33504907052673655,-0.0026571066637666534,0.3589879973487575,0.06411221452643096,0.14175932750702994,0.19768155629009238
0.11878786824684223,0.028169416550966223,-0.015998124277083012,0.6319394079208913,-0.16338567034869741,0.3861293287477585,0.07395353921594892,-0.09568183922584804,0.7646430895995688,-0.14815488206170374,0.13922572898105098,0.041323984750270756
0.0471657691870309,0.1347145100959439,0.10485452031157712,0.2133531384742914,0.0531106445584818,-0.06856965873076909,0.23239423225660066,-0.2962099553235783,0.3968918059349301,0.04948338932635505,-0.011312686916209172,-0.10029500066988979
-0.134630811884239,-0.11997469997239518,-0.19349888455724826,-0.12674588744020093,0.06885589186431275,0.05446387606169864,-0.2353601487431029,0.18100104916997903,-0.2650530989406818,-0.5092997649291222,0.13322573577013225,-0.106609470896265
-0.015916921988696396,0.2634711041125361,0.03563714417899954,-0.28105905324822406,0.17923333259953614,-0.23654629840200556,-0.46278915896325185,0.10334599256636155,-0.5237994470298746,-0.29525610678264214,-0.05731906485707619,0.24666848129723276
-0.3134358968171329,0.1678695854461728,-0.12391405641596268,-0.3405666352749797,0.13869969987012887,-0.6412363200873293,-0.443835401713452,-0.12954030292789365,-0.43830110232176955,-1.0433330595390593,0.288404878239799,-0.1752521871449396
# Weights from hidden to output nodes:
-0.2907452351111011
0.02973950665142831
-0.06365475418841074
-1.843129072809473
0.19157730711212
-0.6328914275052119
-0.37724534805841237
0.1700553865143462
1.1456116986868943
-1.1503239957148403
0.014004694865942118
0.2878040650958206
# Biases from input to hidden nodes:
-0.04046365548143386,-0.17694669116990877,0.15718636382913556,1.8903642384150778,-0.01741767731164547,0.32568584287696656,0.12501666904977962,-0.041119157615624485,0.17130966118808943,-0.5666102666098335,-0.24035332354718517,-0.21010351101887204
# Biases from hidden to output nodes:
-0.36424423914311244
# Number of epochs trained for:
4000
# Mean squared error of finished training:
0.000864360800122034
# Number of backward pass calculations:
18308576
