# Weights from input to hidden nodes:
-0.4033737633623543,1.9218272499551012,-0.31897159845707135,0.06082854407617213,-0.11378590934211064,0.5965668038465296,0.5173472365021834,-0.3376767462281247,-0.03729424513930629,-0.14067028883520785,-0.2539924231750383,-0.5005634404931196
0.3131418041610595,-0.39562987501844554,-0.1762795240223455,0.19592899420387636,-0.09746345441846406,-0.4889107947926161,-0.39908786429305954,0.6514596438265355,-0.13175119875811303,-0.16271237766035457,0.04403387811460652,-0.30762864563767583
-0.3232996092176901,-0.22565198538045825,0.048475769056627475,-0.019623181945596233,-0.032759809769044974,0.32986614732400155,0.28727479818195717,0.4250331487035263,-0.04235670785675647,-0.10578026293669619,-0.29860046924914757,-0.6046501285314319
0.2531106609406668,-0.7110079515609539,0.14427871706662013,-0.07185956071754675,-0.1526574751540806,0.4705657173217891,-0.08351527104759819,-0.024087534171098872,0.1559664436902547,0.07425149315332204,0.18396976747353905,-0.6820807432091833
0.10578809625290864,0.19631560541900359,0.2648830690239129,-0.10690224988041955,-0.05451820109657778,0.011441418735534578,-0.04719857858318589,0.3173952478609782,0.11482852111846703,0.20892618715786132,-0.044954501366478154,0.07196109061084328
-0.13246725115830033,0.3802903875557992,-0.1258484685351522,0.1340092883380157,-0.008081208221297093,-0.44993218167452187,-0.18978216331403674,-0.4674180280568485,-0.0626354904611199,0.09964327196044963,0.2962768641014254,0.336973060157665
0.08019885971652053,0.42884251997420775,-0.09933892310171058,-0.24925964118916982,0.06907435707176261,-0.24726686158003272,0.14991042717937886,-0.43254540330622415,0.1562862165013529,-0.23090323462438303,-0.12728677661463436,0.4176787343868069
-0.20491896325766815,0.5986531741219278,-0.2614469427924289,-0.032088975525315144,-0.007064884662869999,-0.2585140020847819,0.005582252872985504,-0.9887370266471279,-0.17182560895073828,0.08528707623180476,0.01631150518417873,0.36219641887716014
# Weights from hidden to output nodes:
-0.11396565523001845
0.5911488959443162
-0.04191010969759343
0.0027376670911753516
6.737811599693904e-05
0.23689448724449783
0.08830594616848414
-0.3079457251579935
-0.02688987138137983
-0.003456217803008906
-0.07439769894507037
-0.40314804355519807
# Biases from input to hidden nodes:
0.19528853837026633,-1.3802286096749607,0.18336753536236702,0.03066662869560045,0.2264427665770369,0.08817856763521664,-0.1720132205204518,-0.3354705883997662,-0.00040270307121911255,0.13494738059330125,0.16881346348465512,0.054476642206053416
# Biases from hidden to output nodes:
0.4505864899703159
# Number of epochs trained for:
2000
# Mean squared error of finished training:
0.0009299476663847059
# Number of backward pass calculations:
9156576
