# Weights from input to hidden nodes:
-0.4889296165470359,0.5976725302151453,0.9953791551999482,1.4529471820842965,1.333907738031159,0.8137941018944629,0.8306909272786883,-0.9089632596906472,0.4020204518029697,-1.3480407553489278,-1.9859085574254376,-1.2772241083440656,-0.00026922451450937817,-1.3096747141911305,-0.8432309039695616,-0.5537293790193787
0.06459740950905643,-0.21174647003346114,-0.6035849392637128,-0.5251306398511113,-0.692196531187417,-0.5526065704347022,-0.116898656260464,0.11603049392369509,-0.2953610844519423,0.279467111890997,0.505493659625717,0.27802236400772146,0.17459649448087303,0.35793550939122426,0.3714697426455207,0.009870732571136357
0.039451962376627646,0.13474302216641848,0.18873045677250794,0.1580102644161292,-0.03640649316007432,0.3301920248461688,0.2341861701527863,0.0019953644947474313,-0.21930065094650852,-0.011061499526437776,-0.5096611639815004,-0.16506634654583854,-0.10674156027582447,-0.10169947393367333,-0.27625768512093846,-0.15466472583098406
0.023357523048459138,-0.1811634296222135,-0.2234695623327093,-0.3473815560597158,-0.20579072609240437,0.1240802249684029,0.1505175233121491,-0.020880677445215295,0.09697667904148337,0.23846605504361315,-0.15126577875786315,-0.09797103494134031,0.06236636277793766,0.15097710977365655,0.22496803399668544,-0.248372755643177
0.02149983168253859,0.08263135154206266,0.14961560044211464,-0.06513223871876356,0.21406936930329504,0.20655695107853497,0.22455432403030287,0.19191350828329382,0.2541848906480668,0.15101610887650693,-0.2935534662029423,-0.11986744235450904,0.12095141197825422,-0.013894801368492379,0.24334278758740763,0.12673413835555067
0.24783013074714022,0.20251122296008084,0.24005927630831245,0.0034527335800383636,-0.08932928098688146,0.11897262279112449,0.12606791944549334,0.007602198395506754,0.30943446163394966,-0.09934528029278451,0.1579558506621217,0.046392450185862785,-0.1593276211628437,-0.18988798377623972,-0.14188669831670664,-0.1930017330977986
-0.1473152364586756,-0.1169167568942145,-0.21231957404331875,0.01489033035492634,-0.036369514133674674,-0.040075604615599496,-0.18443865691420816,0.03755148796594773,-0.11431870860691123,-0.06330874733577263,0.1288891120703067,-0.2916688612013015,-0.2363077042632753,0.15793232691016368,-0.26932576922419954,-0.2150492924194513
-0.10271862548178239,0.4604706788243784,0.5087009981091405,0.42215164887397505,0.48719432688967285,0.027657550140304573,0.46205667052516897,-0.3039946342438137,-0.09237081198559918,-0.36400177497335146,-0.6700490199398423,-0.39820209608137924,0.23686832767821858,-0.27549476384091726,-0.2077020530800892,-0.28943196362219353
# Weights from hidden to output nodes:
-0.5354103559922604
0.6984763830085511
1.168488978991165
1.4578885449992318
1.3687064412480197
0.7564140676233773
0.6905931473017803
-0.9650271219410019
0.2795922036048017
-1.2773104187642628
-1.0895818424013328
-1.0763739676013844
-0.08110783771269417
-1.263299390496912
-0.9896643761167521
-0.6007944662911088
# Biases from input to hidden nodes:
-0.2659156127275028,-0.34996123032685106,-0.4360736517378618,-0.32329431862854235,-0.2701451454714797,-0.057047446861162546,-0.24247259306423807,0.18083819211081922,0.042092218974191825,0.05196148129564653,0.06782162518130576,0.1703260024329834,-0.09693674980669971,0.23867062781654982,0.0571946727046233,-0.1500008052768847
# Biases from hidden to output nodes:
-0.6409338138307132
# Number of epochs trained for:
2000
# Mean squared error of finished training:
0.0017895347050605251
# Number of backward pass calculations:
11973984
