# Weights from input to hidden nodes:
-1.289595733792056,2.0013790993060985,-1.13495953087843,-0.7284332249152526,0.0236187123861695,0.6727039677480904,1.1482667135791937,-2.3667937435346276,0.6354798159686595,0.5788698861909507,0.06804496486785842,-1.1481285107517618
0.3867869864047667,-1.3778503120655052,0.024842882844348813,0.46146856718698975,-0.2783824044859387,-0.4078564869326808,-0.7603747032038117,0.7154549215402601,-0.575819038015471,-0.610159472985608,-0.2280088111550365,0.14009717069724748
-0.5448570453408196,0.07985583091024667,-0.1527878797492463,-0.17387287097034246,-0.06675830833493328,0.20050724016057725,0.2954545279853523,-0.27460407419959276,-0.03228647336817779,0.0005570645694173751,-0.27324708502960016,-0.36115227577170494
0.26193806158832145,-0.40653825685693235,0.21304510973717963,0.02074894998064641,-0.13057294296850988,-0.09077408133951483,-0.23407944019294777,0.1490206772499935,0.05609703013501133,-0.015280874493219724,0.17200062838134317,-0.059422536578335426
-0.38273421714268496,0.6329724930126892,-0.003446068323640759,-0.3140866031106652,-0.04708170164087348,0.2548224770316141,0.40976460827954564,-1.05065593061077,0.3934941368173175,0.48978396521131173,-0.0047259249493672275,-0.5091361884028731
-0.14638074514002794,0.18447675804998265,-0.07638677175052079,0.17204483296187467,0.043069343972026726,-0.08475401683292297,0.03286227890842866,-0.4328621932567891,0.07435141130076442,0.2602083424783837,0.3270692890975411,-0.18608208938760662
0.09067764421233582,0.02967088886895914,-0.04453803023737137,-0.21293622259566955,0.053102250102467316,-0.14102605301403193,0.15022892977432523,-0.1524668975501709,0.14621520517917883,-0.20018102939846627,-0.16242494456629084,0.10041279938706495
-0.4778548786345238,0.6306902128564535,-0.5450657952029749,-0.31472348610256284,0.04485402146955081,0.18942869002638435,0.2928900246222466,-0.9836699592410129,0.11620055903977095,0.4406209469056278,0.12109460834920935,-0.42170079805520294
# Weights from hidden to output nodes:
-1.4070891147934534
1.902503911740153
-1.2817117055227358
-1.1387351407395867
-0.12356739594713928
0.627064426709713
1.1823833898992628
-1.253804069131087
0.6738035170434411
0.7176831939069725
-0.07579726300372946
-1.1031941828696872
# Biases from input to hidden nodes:
0.11893533915899861,-0.3762690251251335,0.2947161741597091,0.18074155194250704,0.06734548893862528,-0.014542700815064757,-0.22683808496320915,0.19266124023321599,-0.20970835550462186,-0.031969232812550485,-0.08864965770049184,0.02397510876127454
# Biases from hidden to output nodes:
-1.035459585795296
# Number of epochs trained for:
10001
# Mean squared error of finished training:
0.0015522997587632287
# Number of backward pass calculations:
45764576
