# Weights from input to hidden nodes:
1.8288535550835834,0.7122311500340582,-2.6162602861757316,1.9176224077033077,1.5527039783537246,-2.8559263883930495,0.5265067677983992,-0.7748350974761719,0.8715385015903983,-2.1196885799004077,0.4460381913993707,-1.4745203741666295
-0.6660256776776603,-0.26777365524508795,0.8492295162778215,-0.7584897033638209,-0.5898982889678208,1.085027482171304,-0.023244406455262705,-0.10981311063642671,-0.4973112108766135,0.3747095992602753,-0.4330519906282033,0.42440908107427083
0.07916355860220599,0.21481055751179312,-0.6884117219575016,0.032613305948604766,0.10672308802930854,-0.5787678374997125,-0.18849596826155174,-0.44815926695644975,-0.10922633684037783,-0.2585503754006685,0.027963501502141497,-0.39174830361126334
-0.4472576500582661,-0.15419413351858402,-0.001615510203272644,-0.14438911578563413,0.025988147485149583,0.3726837258390223,0.07886185038730206,-0.06860785207190219,-0.17265206304637756,-0.1309200874725043,0.1384783506472564,0.20921931189404422
-0.19698780681215572,-0.029550161143846045,-0.4420507144628163,0.05129841929606957,-0.14040776939319224,-0.5108439629249433,0.19420492042815907,0.2529857052494347,0.07952611838642296,-0.3406422522872909,-0.0813248764182133,-0.1072547424427594
0.21969685982738416,0.015663044024887652,-0.09882326355312797,0.07261058734674712,0.12796473641024073,-0.1615435735812321,0.1552240989240257,-0.05203370708393506,-0.010358049540090987,-0.07695634778708402,0.32197207034716596,0.07359799987523158
-0.15781605588210726,-0.18623071704699268,-0.03513617267393555,-0.10860776372206075,-0.04611890753294096,-0.02833670307195397,0.24036704770209572,-0.2547936214321849,-0.08109936091501856,0.05652610227814973,0.16642916761903861,-0.2964986456501793
0.5028324413443075,0.462929308742754,-0.9657886263768793,0.5461316197024667,0.2752902065253317,-1.053002726783097,0.2351359793028607,-0.45359808772055416,0.5183591525487233,-0.7176620162860909,0.09799089400085706,-0.37233047938145986
# Weights from hidden to output nodes:
1.910081677334899
0.5897153007228056
-0.4602382778086016
1.6176935458082786
1.4088540599968284
-0.259338647818293
0.021179536845708613
-1.1454009594636063
0.7379977030022679
-1.0426935764320373
0.22105762519462122
-1.546480981802399
# Biases from input to hidden nodes:
-0.8544766228564762,-0.42448347161208866,0.49341614175891885,-0.8812519839182849,-0.7371829899339437,0.5564164819334675,0.007809699902086359,-0.004928631211012246,-0.3518648473782803,0.31565343600559537,-0.2119135600092839,0.10083032931939916
# Biases from hidden to output nodes:
-1.7123854920680512
# Number of epochs trained for:
3000
# Mean squared error of finished training:
0.0018156679241298516
# Number of backward pass calculations:
13732576
