# Weights from input to hidden nodes:
-0.2798959877243264,2.982867781871713,-0.3432395044181416,0.12998311286788908,-0.185140611074762,1.05347606104922,0.4885482036233183,-0.7185802070113346,-0.07094031938769442,-0.2600683151846214,-0.3496240261955381,-0.4797189593388888
0.19065154638632797,-0.3877940496163871,-0.2663969328356521,0.24741632856678805,-0.09739283513933389,-1.0741743069772771,-0.47711587531061317,0.7477820237666851,-0.24714109044504123,-0.09437241056985068,0.15884972765980518,-0.03343444776466049
-0.3721798029063191,0.5121720230296957,0.010020639592872008,-0.07388351223864782,-0.04126365997569904,0.46428580252742824,0.31914525619409473,0.2631491535798936,0.0363014285105054,-0.06684466208232867,-0.19958543274178675,0.06540082393127095
0.14033115186603615,-0.20780595564428384,0.12774602686473388,-0.11292283902529895,-0.11663278337817007,0.42568850518202916,0.07342792658233657,0.53232326495998,0.15091631906574837,0.04699198560188134,0.06684960579480101,-0.3201272165835226
0.15268162706240498,-0.20040034023046985,0.19045241439525235,-0.057079498927295365,-0.1067231529101781,1.2407827284697586,-0.060178737585294,0.7379566319290729,0.040867647069593116,0.14365776927758678,-0.12045760350786629,-0.1394489508081051
-0.08244091187834042,0.16151445796029634,-0.0712917250291277,0.11014864542061323,-0.03291211996588871,-0.178260265760141,-0.2148409614948347,-0.24568468622114636,-0.005496444008481431,0.07644394498379943,0.26144236437918816,0.0644051727406162
0.18636482259318007,0.5888602343090997,0.029920422899679774,-0.32948833627457225,0.13954297503999055,-0.4016953220376611,0.09062173798918005,-0.6701088090261803,0.23824939320161156,-0.22593625858673957,-0.10256143271327897,0.2987668833329908
-0.06306533405127394,0.42463341238153524,-0.16496976275900727,0.03222322120885905,0.020988111509112947,-0.49769622213065695,-0.17108380375295024,-1.144612672767984,-0.1884443292948345,0.08226910531211287,0.06625155307272126,0.2968395976310568
# Weights from hidden to output nodes:
0.03737361587600528
0.6049711866507356
-0.038159188400833204
0.048841147876158855
-0.024531428562515754
0.300196593976358
-0.06596000421590816
-0.33428546745945464
-0.05080055744335389
0.005883591386611925
0.013851194320939968
-0.06675946398616996
# Biases from input to hidden nodes:
0.142888156514981,-2.938887035090305,0.19723185795631135,0.026514787418317635,0.24944242909554307,-0.22388077087034794,-0.16047056384140287,-0.43632807143038915,-0.003595852182736929,0.160203150499351,0.17525064918868144,0.23413081334185776
# Biases from hidden to output nodes:
0.8061323666913608
# Number of epochs trained for:
10001
# Mean squared error of finished training:
0.0012054492956145696
# Number of backward pass calculations:
45764576
