# Weights from input to hidden nodes:
1.9865897702403943,0.6966467500106891,-2.5837224513620596,2.057578368310573,1.8331404927920594,-2.7104735300615426,0.45444338728512784,-0.9731602682929325,0.9746627416133361,-2.2942581521038607,0.8418509539763462,-1.8429033204514502
-0.7551178652891198,-0.30366617783091177,0.8036098847509624,-0.8799305485785225,-0.7374747828140621,1.0342199060494859,-0.07223188212491863,-0.2176618930147661,-0.5744185907616226,0.29442458166414,-0.6471822809738018,0.32230064812205494
0.14371537412837193,0.2010547574979185,-0.7290932838497995,0.09182810588072154,0.2137402663657889,-0.589163474412276,-0.2530913848566799,-0.5843824219656789,-0.08651303509037062,-0.3369511004195694,0.09336985926688679,-0.5350762372640229
-0.46937342091729034,-0.1721143607685736,0.012289688397456339,-0.1517468169416914,0.03288953455363554,0.39352990256550546,0.04525795026510385,-0.12347052690651135,-0.2029789333878295,-0.12739052912607896,0.09205457180329917,0.19053101752856522
-0.14285909003354091,0.028426155327057643,-0.4949858720546782,0.05515120290240046,-0.11540785143492518,-0.5253919994830378,0.18575371023313322,0.09465243009009217,0.12887289188471837,-0.4760948514380265,-0.09978401898625795,-0.345821956407799
0.294176885416272,0.04474482902311144,-0.16006390743451948,0.13017879588491219,0.135297005973275,-0.23821446400134982,0.17065246122407787,-0.032058552983736,0.04655386215081401,-0.08589252653048965,0.38376414235504125,0.09401427765653357
0.03826604002744017,-0.13600653174578348,-0.22494472968834675,0.03148248810539257,0.059947682414011404,-0.22650783907623753,0.2297661062798402,-0.3621206874792775,0.012340505072066413,-0.12730869608067616,0.2600374350917794,-0.4766575995544347
0.5280181509236267,0.4433363836089193,-0.8050115629923115,0.5056555125184846,0.2592834153191163,-0.8509806387665465,0.1992352221489852,-0.4376532186829997,0.5451285384407711,-0.6278429339127648,0.23014929996087322,-0.34623227030837456
# Weights from hidden to output nodes:
2.0862804168802
0.4312771533449993
0.23436002067236927
1.894967208730449
1.692534905541407
0.5173774481117306
-0.12183035257842131
-1.3132845061502425
0.7285489538856844
-0.626863301042087
0.5782755606087647
-1.4453815537838175
# Biases from input to hidden nodes:
-1.242392702122113,-0.5200210244473327,0.5353682606055216,-1.2989914608063966,-1.1399210619732978,0.5522397103039473,-0.04550203553447762,0.10047814881897248,-0.530064808691668,0.47405746071958377,-0.4785759928958976,0.32376024312589147
# Biases from hidden to output nodes:
-2.308821608746386
# Number of epochs trained for:
7000
# Mean squared error of finished training:
0.0014396508918112086
# Number of backward pass calculations:
32036576
