# Weights from input to hidden nodes:
0.12807228055169462,0.040694131211234996,-0.11819829223870504,1.6809896312067827,0.23628133899741938,-0.9290992520488663,1.0575470246874978,0.09949785979503206,0.05344970006928024,-0.09359424015982432,-0.0563637729955509,0.3456192381750942
0.10989300330804336,0.008519549469818977,0.012773489054076215,-0.3386078438072519,0.03918423222949114,0.6334797693330396,-0.21633203540634027,-0.24026779102623874,-0.16244978306193703,-0.19456568354516035,-0.15224451625642152,0.3637621371759493
-0.18173145419638964,0.11151610679568247,-0.08984955144935264,0.39213093976808566,-0.12381477851361512,0.07345402546954076,0.03172373805941732,-0.20612431776218615,-0.24456649630634109,0.2171528595793148,-0.01787928140079657,0.17696114444258126
-0.1697403413730239,-0.08064646618432936,-0.16121091935045828,0.15955519768845364,0.19399828306451486,0.3646375467268599,0.06397838036851633,-0.01092701914837868,-0.07782257377767932,-0.20556372413112056,0.2137143369240889,0.21480657827132482
0.017648203208899538,-0.04021017626593526,-0.06826468978352518,0.169580042422965,-0.017360865243520582,0.227083843874083,0.06328626780268432,0.19269156234659823,0.11376051104619544,-0.19022203140475058,-0.23048543297978197,0.15722680101468495
0.14029841560764067,-0.07436698952354015,0.05933275110205821,-0.022148685567679693,0.0693477836263176,-0.1637413986268928,0.03101015773700179,-0.03437058867792542,-0.07506395905018892,0.020711084648512346,0.14000661249480384,-0.2125752061469442
-0.20952530354337534,-0.21726564152217642,0.11558417850888575,-0.05286124605583003,-0.0739318155584929,-0.12706983900419258,0.2196906969177111,-0.19173953003938582,-0.1214301183757876,0.17253196967433054,0.10289678173162119,-0.3743744009944912
-0.10226274792291606,0.21542554486401222,-0.14478320895974411,0.207606976618653,-0.14489240207703685,-0.43362175631901284,0.2159652313967044,-0.2046975365297693,0.22666967048928166,-0.08316653499233789,-0.1539958504893901,-0.8496066247608214
# Weights from hidden to output nodes:
0.13837014433100167
0.04751454578007877
-0.12685226211872908
1.237087903114399
0.14708677139962495
-0.9321269825812666
0.7351235096401132
-0.09605195110302436
-0.09088969628922075
-0.08573213477583115
0.11255022385236081
-0.8688343819051988
# Biases from input to hidden nodes:
-0.08808808878756857,-0.18691867118388283,-0.03926753984954978,-0.5523930814426465,-0.1971073643917818,0.5648089848919472,-0.2883901089421922,-0.1507753412251857,-0.04874894395381468,-0.12328399577252103,-0.05158375361411531,-0.17373865131565264
# Biases from hidden to output nodes:
-0.4436504371979751
# Number of epochs trained for:
1500
# Mean squared error of finished training:
0.0009853640699535994
# Number of backward pass calculations:
6868576
