# Weights from input to hidden nodes:
2.029920788836271,0.6098872891153657,-2.686475466363551,2.1443278292191073,1.8623129977409432,-2.7833653195313612,0.3733713763456522,-1.0975270263458763,0.9348566530317437,-2.3583848938854115,0.7834627632393647,-1.965992002752869
-0.7543330933758281,-0.29509066852192883,0.8388048264306217,-0.8955546791212751,-0.7398053733357246,1.0748534198844852,-0.07246064240329628,-0.20652124836818908,-0.567117125567598,0.3192788278090018,-0.6343364737981747,0.3521076652035092
0.15814147941824697,0.1557204830070905,-0.7950868011888712,0.10473853939804784,0.21255423599994067,-0.6498591970767701,-0.3080503641544665,-0.6572565188278938,-0.10926018311227266,-0.4090447505299336,0.05945684001141533,-0.6244633084981067
-0.4619007694593857,-0.18767200942602852,-0.0004818746955608193,-0.15688846841987059,0.02481057571471009,0.3827236545908884,0.01914893128946407,-0.14408403994586733,-0.2125091243415424,-0.1475238499617653,0.07712531973863476,0.171147951313456
-0.12406183029553883,0.01649727980860028,-0.5626199660449221,0.05341882359172813,-0.10708818186734366,-0.5993122522155381,0.1487661280223134,0.06431634695466884,0.13003626737337617,-0.5202311482585423,-0.10805446529084065,-0.3736681296980338
0.29148809969971445,0.025495284172404827,-0.19874608003031682,0.12172977693527016,0.13946447112433882,-0.28101734568848324,0.13579592082385425,-0.07237712998663641,0.02690884879032248,-0.12940693149405555,0.35511425928238044,0.045341808961333066
0.047031959133113206,-0.15824443308641936,-0.2540070716940988,0.04520000006268076,0.07394351357760966,-0.2517324791338113,0.1977608220768213,-0.40666893431421386,-0.005645517973870076,-0.16006214285590806,0.23509613957435943,-0.5234942646731898
0.5375443461248705,0.41059342140271493,-0.8654746288017565,0.5294623529308177,0.27902617686027903,-0.9079853727696319,0.15915313280858084,-0.5009633784247902,0.5197935385577426,-0.6836117889369218,0.1943259581310856,-0.4194191972651618
# Weights from hidden to output nodes:
2.0526474214452612
0.34098216154733596
0.16779152201708106
1.9770701276819125
1.6859225799022866
0.5118592119759404
-0.13320196173989834
-1.309895728178845
0.6651991667980174
-0.5756791433183703
0.5059733717564565
-1.3479021131651012
# Biases from input to hidden nodes:
-1.2627269841134785,-0.5251490031797671,0.5241928856897604,-1.3635918401883818,-1.1685628388362526,0.5163533353313872,-0.0813822508789778,0.09857334944035104,-0.5431517554428739,0.442584672620305,-0.496448375834733,0.3143211772711465
# Biases from hidden to output nodes:
-2.2987690211410374
# Number of epochs trained for:
4000
# Mean squared error of finished training:
0.0014449300325614998
# Number of backward pass calculations:
18308576
