# Weights from input to hidden nodes:
1.9085693602019538,0.7964914647760637,-2.5890292468794014,1.9555121575729881,1.625959378255066,-2.812905797663692,0.5660852982919187,-0.7844378459483571,0.9445182876954336,-2.14499608553231,0.5224906526347426,-1.484064343495469
-0.6887726277585314,-0.2910560075832569,0.8113306453396814,-0.7740755127204156,-0.6090784597627942,1.0417687412101393,-0.046951341146351785,-0.13858916502292426,-0.5197271100738812,0.3402725851841277,-0.46135310483501046,0.38237388055857474
0.0916281150500432,0.23307873480940633,-0.680633471413973,0.03754155152292325,0.12276556363208707,-0.5634217653911983,-0.18450287516740468,-0.46032344756127036,-0.09806662110346469,-0.2644976070503903,0.03893902838614718,-0.40333800412555154
-0.4591664662247124,-0.15949540712515164,-0.01365600577856385,-0.15343010097449306,0.022096652829410673,0.3618578326969292,0.06910916183550381,-0.09027574853904434,-0.17797671008332927,-0.14957871976950557,0.13091120865878048,0.18160742512974515
-0.26008932807951485,-0.046627770433767306,-0.4127334996204941,0.005580727153753981,-0.18121124378938616,-0.47785004728974095,0.20261997446012303,0.26619180755577343,0.05711020173946604,-0.3118557395896985,-0.08767837685883116,-0.09088073915634394
0.20940596688663032,0.015535269561914209,-0.08685172846955823,0.05784813219925979,0.11200486467858681,-0.1472411064048716,0.16141330884757335,-0.046277213347662674,-0.007227765201588493,-0.06890088038509695,0.32907450680845507,0.07771967294691802
-0.1507549824271309,-0.18304861336557313,-0.03554681928257214,-0.10719408211342014,-0.045683058875503495,-0.02531780594076538,0.24128842440747852,-0.2624923716067855,-0.07209392513871155,0.05050786815632763,0.1720303111675907,-0.30723404743090865
0.5223346137618566,0.4853028497836416,-0.9439703874421953,0.5478080508965303,0.2827296625207464,-1.023539685251921,0.24897854213022533,-0.44606756213702947,0.5433133654930719,-0.7097257146811933,0.12416065800937384,-0.3620672411725418
# Weights from hidden to output nodes:
2.039918158778413
0.660971872503021
-0.2870288593206928
1.6857292842327345
1.4911898813029865
-0.08792550159902315
0.00866771892629177
-1.1835037708896368
0.7956197255405755
-0.99743305800762
0.27609795953286287
-1.5636285243128678
# Biases from input to hidden nodes:
-0.9686738388975237,-0.47636774413513566,0.5185479584023782,-0.9764664709908847,-0.8237022392431501,0.5833578316966093,-0.015889585582494262,0.01043619306568587,-0.406458699036042,0.35495255680927895,-0.2505510558870368,0.12770551783339054
# Biases from hidden to output nodes:
-1.8516750946840204
# Number of epochs trained for:
3500
# Mean squared error of finished training:
0.00183918361795438
# Number of backward pass calculations:
16020576
