# Weights from input to hidden nodes:
-2.664297276271161,-0.45949599428344257,-1.7381231567835662,1.0445414588427253,-1.5896167520452964,-2.182496200524156,1.442427075225273,-0.9028615043061228,1.4453497868000673,2.1270633027007997,-3.167994870476199,-0.032365648576607564,1.1342584721641185,0.4736934208209975
1.2675738441370277,-0.031224512082455386,0.4213811016306334,-0.3852059026903708,0.33527713082361804,0.6879057130413609,-0.7573467757392158,0.360160794697077,-0.474112041393273,-0.8214676999626365,1.3262113219135185,-0.10403412700768083,-0.4081199477281651,-0.3393777091811787
-0.4117467989327315,-0.12831544313580456,-0.40328045719141586,0.22865441404955736,-0.3779678094186733,-0.49364599150514316,0.28571655304729693,-0.3537284105897288,0.001371342987547068,-0.12728099817133226,-0.11375787843465905,0.011105087446681164,-0.07466208486299696,-0.031513529237049656
-0.13170995998341153,-0.26506878898930764,0.1422944916033983,-0.10965016273705054,-0.017589740548609182,0.2531280166802041,-0.2524768177454926,-0.107089600841753,0.06665864610848521,-0.4768170118508911,0.32794478189927323,-0.024413533763582882,-0.14021306055749114,0.16756786642240476
-1.4299006114327446,0.22315711670745003,-0.2159134398209316,0.23925749141705438,0.23657372317394043,-0.2746503966178107,0.002745366680839021,-0.11638401348465743,0.15715672249312357,-0.06979957429248755,-0.34931693831012733,-0.027815134547980642,-0.018087221096010277,0.42145060844137044
-0.7595237054330695,0.052019767402807206,-0.061893388173629944,0.029878216986819535,-0.1743968185097543,-0.3241187685081322,0.15358951787409375,0.1360038068676913,-0.035490442348362364,0.3106845133623928,-0.20042057000453414,0.11192879826089647,-0.014133693737439083,0.27549967168478834
-0.26978912694374535,0.06168849369980299,-0.20297205592932055,-0.21948819748523643,-0.0769471721505759,-0.03612530523623807,-0.01797452548931519,-0.21524694284532386,-0.06094867628432231,-0.16494452651846303,-0.08154931499741219,0.003536825930174807,0.0070298456689036285,0.2970925696993797
-1.0331019687444731,0.1720429268567909,-0.6155679651075138,0.5297985029390582,-0.6187194535624715,-0.8574523732999443,0.5732286986418851,-0.33604212416422286,0.3016873537481166,0.5023929638964959,-1.0675585243689987,0.02319225250274939,0.3781985473450666,0.12884150303512443
# Weights from hidden to output nodes:
1.1267551790280002
-0.6420014651252833
-1.2023235290763417
0.6205896774547965
-1.588703166193195
-1.2895954885938012
1.3001444353781326
-1.0630231285566074
1.2473062719666919
1.5778051552344492
-0.11276666164383332
-0.2259076803406564
1.131863378669369
0.17571266799044133
# Biases from input to hidden nodes:
0.11789019312276877,0.12276123211364405,0.10618653711390294,-0.04900992597468107,0.19675819822004598,0.5365269287987041,-0.4534254878928977,-0.11925407914834497,-0.5778221860728121,-0.44712978826223626,0.3070431863983338,-0.08537560661107095,-0.5314202407314724,-0.10587883025959549
# Biases from hidden to output nodes:
-1.394172254950764
# Number of epochs trained for:
3000
# Mean squared error of finished training:
0.0018214548137009308
# Number of backward pass calculations:
15845280
