# Weights from input to hidden nodes:
-1.361006023180228,-2.8093340776322218,2.229155569349186,1.3724859444612802,-0.934020953473039,1.3263172352678498,-0.5864339418206038,-0.7935994867110326,0.5797032638267265,-2.3433068961918293,-1.7962937756145836,-1.6717638148997227
0.08521610341209024,1.1640015239195718,-1.0900061500252671,-0.8720409851027197,0.3796863884720667,-0.6170435405606453,0.19954902893632212,0.11007571769950196,-0.1783673811264088,0.8436289623527488,0.3194135493971605,0.11891226593334972
-0.045436066159543334,-0.3970762600684132,-0.0704934957965128,0.3332465274744375,-0.33522767285625127,0.25592279296392945,0.0920189459750453,-0.27223413561478277,0.09256553424290004,-0.2950897389696085,-0.5162496868581438,-0.34989131346289704
-0.14031963384254043,0.3404309508725532,-0.44619921081814146,-0.25088855750570377,0.17752485685160346,0.021540786833830476,-0.1967948937510653,0.0003598871200085721,0.03748755420217448,0.10245210711745262,0.02370308679895422,0.24425712464977964
0.02933086878558255,-0.8090273779041519,-0.2110738298308726,0.26091975799623807,0.08147349842354555,0.25040662878961606,-0.09108230465548996,-0.2060406402576723,0.09227379444502477,-0.6232167568971475,0.03374880057250123,-0.1821939202355131
-0.20402293834876806,-0.6822838004840831,0.15110398465582606,0.3845873664563852,-0.29526113859046843,0.009675903459190399,0.3248678632611657,0.22054428857494734,-0.050415591161741206,-0.40570754750912186,-0.13538466279011543,0.01567844652531791
-0.1925995336908736,-0.9611558810628043,0.7322978121515874,0.4966248706507224,-0.21287421045242974,0.5999223940614857,0.15403511770599346,-0.19865577164049242,0.4305753470971528,-0.5135806386108135,-0.6917285929566144,-0.5673509888596193
# Weights from hidden to output nodes:
-1.2203360116513478
0.41274238946539515
2.439098155859943
0.9850547557561088
-1.016938178754519
1.113512212262413
-0.5716169876376386
-0.8166257115673836
0.5397065055192979
-0.2615120798905196
-1.4016562982050436
-1.3031161398966262
# Biases from input to hidden nodes:
0.26160757574339577,0.22386379494328917,-0.7622995311291205,-0.058423783199863716,-0.16084173869539098,-0.36862011290154056,0.15025182558918102,-0.19534224707023945,-0.045137772665739026,-0.10010992430022324,0.3529351170615082,0.26857220514109115
# Biases from hidden to output nodes:
-0.6331548133131135
# Number of epochs trained for:
2500
# Mean squared error of finished training:
0.0018197160305288864
# Number of backward pass calculations:
11444576
