# Weights from input to hidden nodes:
-0.18679030383098147,1.12479462574437,1.3283150234577228,-4.211794853195931,0.6988118519090819,-1.710073739938098,-0.08460714759017877,-0.15130981075833458,1.791676709449957,-3.292213000663111,0.9809140175203253,-0.7015418986372199
-0.06983631047328602,-0.7546883214895992,-0.7872608055833823,1.8866599128156312,-0.1972351395081167,0.23843996023533956,0.05949905041242112,0.3111831216376089,-1.015715136887218,1.3506163275186107,-0.6037497159777035,0.4681844817711368
0.09444292823016066,0.19493809677288168,-0.034061889472794815,-0.6077831524159322,0.012947903809297973,-0.45171286576704334,-0.07928940369549638,-0.01835030048779051,0.4129165593343588,-0.408865559856289,0.2920438857393647,-0.03809411866120878
-0.036481397408952156,-0.15486541271986493,-0.2894382401236524,0.8007503887061195,-0.17821258350337546,0.1575197761102339,-0.21980334156039627,0.07218366078479539,-0.08489499316060613,0.36432632014357974,0.03685750648408308,0.23750240800638284
0.11488648244058566,0.5719317169510781,0.4871717887314222,-2.273246682467794,0.36702395267782434,-0.577184806471596,0.2174427783691508,-0.27858248026441224,0.6985779684540862,-1.4945385842759513,0.44378679357866674,-0.2918984033097186
0.04764261699991628,0.11964339290022022,0.03586766951384409,-1.2204434855981852,0.26573485888581644,-0.06248362417872265,0.0013259999673782504,0.20601648259921154,0.20096670222724225,-0.8083057411876953,0.36412131654175944,-0.1461398660746918
0.13199313912196028,0.1906077733657872,-0.02085321728327361,-0.025113224972502027,0.16249933653519724,-0.019034174021588444,-0.19035406752405382,0.10655410402228223,-0.12225010082322223,0.04617715068256232,-0.12211933103494534,0.223501041784733
-0.0695428672928213,0.5156487792743668,0.2773453798800139,-1.528650036277355,0.347791003043354,-0.6946309172472417,-0.057470200906850594,-0.2566181902711084,0.6064591178073849,-0.8307595519806777,0.5681876469338237,-0.48135161326017833
# Weights from hidden to output nodes:
-0.40934102744746037
1.2222062068135249
1.3319494943461527
0.0008752078494039783
0.5401028657527913
-1.7626192012319462
-0.38061976358416655
-0.6785212026457904
1.2615120982236
-1.024051967193459
1.0157963393322078
-1.2339355157944558
# Biases from input to hidden nodes:
-0.0979255950460065,-0.520415128973918,-0.26498277578947826,0.9587630864821457,-0.14457656104681643,0.4282603114582295,0.11338041365215926,0.09033781788932166,-0.386855876354323,0.6771944989946868,-0.4808870496252961,-0.06955896037216884
# Biases from hidden to output nodes:
-1.329017421767584
# Number of epochs trained for:
10001
# Mean squared error of finished training:
0.001495924046718373
# Number of backward pass calculations:
45764576
