# Weights from input to hidden nodes:
0.5488871060202455,0.20567175992759987,-0.6273053218886873,0.6841686898864222,0.5566387456332528,-0.6548702843638945,0.3433502071238489,0.05107682001678569,0.24113987303368317,-0.39105523717884866,0.21379419747425835,-0.009469965697318039
-0.324764964820409,-0.15520578006204291,0.47755423678797937,-0.42307884315886096,-0.3804760694410157,0.6289181039865023,0.05171487374113066,-0.1960708766599159,-0.35713793079526696,0.08253061723569498,-0.4139783755322779,0.24670050446411151
-0.205881965170028,0.10262861494094974,-0.12767934743209744,-0.280603580837952,-0.13939221318851328,0.02070796787003881,-0.2187641427427392,-0.21039474446423712,-0.25002155502337914,0.19550576771445705,-0.03325059951081351,0.0024340612026153992
-0.2160668952957524,-0.09320285995621372,-0.14129832912276302,0.08801671693703064,0.15704708540827955,0.17738887811559728,0.141212840125966,-0.009009300841629046,-0.10008639595961233,-0.18981942596185916,0.19197600166342635,0.25190060109043916
0.4006145129376534,0.11019804494011678,-0.5320437542433755,0.6435891269290064,0.2924320952158574,-0.558323704910496,0.22034944676558682,0.14860481074714266,0.28437695848896893,-0.46099677669962,0.016610588719253472,-0.24846586759566006
0.5887844166025034,0.10730858566600104,-0.43922519629182494,0.5475112345291822,0.4583477707281559,-0.5636359858878849,0.21152115281580958,-0.08042653350509357,0.11736204584072725,-0.26756252538451036,0.4374442594842264,-0.012969217785729363
-0.09451154604190601,-0.16628663857047282,-0.018422148420527983,-0.018651656028194893,0.021679263077587885,-0.0325933914249681,0.2638054183150554,-0.2037183901288929,-0.07507828078940675,0.0978403407670572,0.19425044359894406,-0.22382600251988247
0.23313244407301661,0.3532028091541368,-0.5149323930956305,0.3423301693994757,0.1208981026002608,-0.5731569672842491,0.20664401385675843,-0.23861094393784732,0.36877518112628793,-0.29602961213603807,0.07916563378412134,0.008532214081986352
# Weights from hidden to output nodes:
0.8381675923661679
0.24384643195412362
-1.243522904140308
1.0419814708402757
0.713376607671884
-1.44242708643625
0.22825783997187418
-0.1476706511814264
0.4141616698121311
-0.7864226097097918
0.4255864228083461
-0.43649618079521285
# Biases from input to hidden nodes:
-0.1890629278361963,-0.21570396230832817,0.031117148321844354,-0.2279420760873494,-0.26352894780380515,0.006939414686904636,0.12234153546253328,-0.1435480206963193,-0.0980040389695503,-0.07502770641968831,-0.09515401300962725,-0.17156162985250206
# Biases from hidden to output nodes:
-0.5084018204611049
# Number of epochs trained for:
10001
# Mean squared error of finished training:
0.004811250400601172
# Number of backward pass calculations:
45764576
