# Weights from input to hidden nodes:
-0.5527225737237257,0.5938385333753807,1.0646553874119054,1.4537927569391333,1.3600732853231188,0.9602846634034166,0.8260408199012544,-1.1160103969482933,0.5312098281049744,-1.6018696890948052,-2.102652145026742,-1.485073722431459,-0.2178798288572517,-1.6122097410972993,-1.2013514349357093,-0.7457823285273049
0.020698147990026432,-0.24795617670008932,-0.6932319026378534,-0.5625726762919204,-0.762553169616254,-0.6422455370517145,-0.1396501783209077,0.07998154397960475,-0.36913783717819765,0.24677861516630137,0.4683659580782329,0.2540042294131936,0.1639692210852351,0.34128105564486877,0.3405741243911131,-0.004629336961870591
-0.004097506090553189,0.11031007844135209,0.1874806120792492,0.15171165958727278,-0.039173256312098975,0.3558939964437574,0.21309218469855004,-0.06649831594581357,-0.2275091343155174,-0.060796686467647736,-0.531386135240638,-0.20278320949084389,-0.17887750386411927,-0.14888684045530426,-0.36783157793572446,-0.21873644107187387
-0.003683645668537063,-0.1894556682191165,-0.23071413602103757,-0.34300145575390684,-0.19483864377209145,0.14711117279124958,0.15737021685956332,-0.049023636903780594,0.08630113007455563,0.21499691606657803,-0.1496982523015816,-0.10689330979388646,0.03988188274755331,0.15087441876516144,0.18438433878496213,-0.2760707396911161
-0.002573667734319226,0.03918390355917083,0.028789713609264654,-0.22854059894100587,0.045281611509503834,0.1321631347289219,0.16353750966745112,0.13281875279955674,0.21155664783716024,0.08697554693830194,-0.27823730004741193,-0.14954044366518662,0.11293896084772252,-0.08775811039690055,0.18372034694183437,0.10645223805112136
0.22583931017610007,0.2354737752693972,0.3001473824321526,0.04372604679185271,-0.0390296819618628,0.11097438082048257,0.13394235407856198,-0.02536238058847465,0.31162186070489434,-0.12425258215004505,0.1218203097727844,0.016491527633376087,-0.16194241332871093,-0.2273502848693015,-0.1589725099627044,-0.21301814922454537
-0.20058498186016455,-0.07091372479145157,-0.11269137431194691,0.09859831981630268,0.0474046652384547,-0.016160214691791894,-0.1601463425381846,-0.04838991083463483,-0.09800698693426166,-0.16224726154251062,-0.008454948688720558,-0.4037648925378164,-0.275165366434404,0.03748620655444026,-0.3588650801933222,-0.27924147757246615
-0.09226740168491056,0.44171463017555007,0.5028379831821049,0.36862426011085964,0.4289621875666161,-0.02887403947836754,0.40281067180659225,-0.2947846003550223,-0.09660512447409135,-0.31124820616368604,-0.5803997977560215,-0.34668360178571145,0.20227953758542278,-0.24757524936647254,-0.19521963841349493,-0.2829931043300068
# Weights from hidden to output nodes:
-0.5706570828736257
0.6398827729516477
1.1861516750494405
1.4188279821278882
1.343168646371544
0.789371822620055
0.5723437281759161
-1.044737714960151
0.37231355430097995
-1.1710976135436246
-0.39229653595074904
-0.8257049530767249
-0.3432446915668051
-1.1698248066696564
-1.133828360877634
-0.7057631987997719
# Biases from input to hidden nodes:
-0.2844269212459469,-0.41920749389538836,-0.5532867736596644,-0.445384907439612,-0.4069606369917668,-0.16431685722408798,-0.3194951673411617,0.1888657876957278,-0.03940969954125688,0.1010425484377758,0.10446286652520814,0.21428120085405727,-0.11872637175507143,0.299081257393817,0.08161158362865545,-0.14346698047932885
# Biases from hidden to output nodes:
-0.760027121466937
# Number of epochs trained for:
5500
# Mean squared error of finished training:
0.0014736611332707766
# Number of backward pass calculations:
32917984
