# Weights from input to hidden nodes:
-0.2489871517013768,-0.4601401172128653,0.03391011625383228,-1.1878603042607774,0.11560658018465811,-0.0864758371073181,0.03947253865838898,0.3399180770707147,1.3490104173666098,-0.38788836748594685,0.05940694730394106,0.27362252295126016
-0.016799976979033078,-0.41408123253641965,-0.17662431596511446,0.5824872841250703,0.11328786409072766,-0.2464885476974646,0.053243562145533815,0.21207813406214662,-0.4173416177723807,0.5123201090031563,-0.09586711472955424,0.25314422545236387
0.16138255934545612,-0.02815514904921384,-0.18195157630137243,-0.038737182410791625,-0.0539265293762801,-0.13003309165316645,-0.04675309413051664,0.08224541823052856,0.5226570679536757,0.5769725483554343,0.20977451842483674,0.18406865985869386
-0.36745506813428463,0.05028175180713218,-0.06520478978057437,0.5291720354330123,-0.0883560085127239,-0.02984282019039003,-0.2407477020500284,-0.0007713921499284271,0.14309249119441272,-0.33903923571979905,0.22096883956350602,0.14923213870316482
-0.0030717947540973194,0.15407370234754234,0.05778621271940865,0.12788570926474452,0.07947525438763703,-0.12570390133393633,0.18964890873687357,-0.25948291712505334,0.1910432723400996,0.09475681273244471,0.05391962155624892,-0.11398075916560867
-0.009079539977965047,0.26874780617886174,-0.22122164054090426,-0.19512100831191173,0.06420705787800321,0.1676435810517436,-0.03193063210550858,0.1961210319821171,-0.07661165690576356,-0.3580058736707499,0.11094796430083066,-0.07104439330573577
0.3040586658356713,0.2181300602584661,0.018366969107519393,-0.17054921953798768,0.16637950067012286,-0.010833111203253531,-0.20649157309502922,0.10860527875894337,0.15093612186002334,-0.13991364120780886,-0.07087132656910548,0.2438764541785847
0.0870953862538648,0.8270742914779454,-0.14737746818021014,-0.635423382362735,0.1257350897859765,-0.16289211238515183,-0.03590641856405166,-0.11683290638888283,0.5377892413570148,-0.21221139346885481,0.25396670278168687,-0.17939919589119338
# Weights from hidden to output nodes:
-0.48734173841115486
-0.9008998537860902
0.07605462611057515
-1.2225273747954553
0.12832521310703962
-0.13815021553677997
-0.06777434415334792
0.19211954819708396
1.1517070539070877
-0.7455672998889294
0.1763153649103762
0.16865449316342587
# Biases from input to hidden nodes:
0.015098951383489451,-0.1074993223174547,0.1114171231451927,0.9635975601213633,-0.03254776024846331,0.145234104730961,0.07594826244041519,-0.03506983212157116,-0.23317005088990306,0.37577245896702544,-0.23087984431256797,-0.21982351687488152
# Biases from hidden to output nodes:
-0.03300226023102871
# Number of epochs trained for:
1500
# Mean squared error of finished training:
0.0009644084395343961
# Number of backward pass calculations:
6868576
