# Weights from input to hidden nodes:
-0.46261273870810005,1.0140155913129991,1.1420924286132217,-1.5721052820015962,0.8948415578812722,-2.0798407866323383,0.054405501391416373,0.7969272979890739,2.0912130887107683,-1.9313228258073987,0.9624542040510439,0.6121739767367353
-0.34105804592265554,-0.5062777932826963,-0.4911430957892239,0.7166727867205812,-0.17944320143254705,-0.14324229105017666,-0.21053198143033366,-0.01793642092819219,-0.6531440735167765,0.4166105928673598,-0.4080007381752612,-0.007106762235688347
-0.22752066820723071,0.015519734050355508,-0.16637735744545226,-0.035247020575199864,-0.1495769800648953,-0.6071103010043537,-0.2922914883243095,-0.038671627720634275,0.3663522639838665,-0.16432333907284782,0.1338872006861999,0.03221765789513075
-0.38020273070750127,-0.18173629452650938,-0.2826554554652708,0.40368021216438754,-0.35487464696434345,-0.12461765768150586,-0.5283509476599481,-0.23419110789420386,-0.14176291197648305,-0.08438481867528015,-0.043680855651772134,-0.099213405424085
-0.2158080391671159,0.17919042286723802,0.11546850937570911,-0.23980410512784653,0.05814049852947646,-0.5398918295276866,-0.0016420326550388561,-0.2742358690337575,-0.08322006432596624,-0.38802005389481603,0.05485329687527728,-0.1184199747460613
-0.20409662918605836,0.12196522201660848,-0.015193041145696227,-0.3868350072595987,0.2570873771438378,-0.3256517023991858,-0.1416875096034909,0.2501743731869205,0.04719604660041238,-0.550849883984447,0.34995382699222866,-0.07531535712367105
-0.09794364969320664,0.23251867900158482,-0.0034912547010184174,0.031571244480792356,0.1313586105580745,-0.20928028769893478,-0.3748338427408084,-0.015935440501576262,-0.20063302982396095,-0.05255774902204522,-0.12195308416229611,0.07750973621426896
-0.23863637163803905,0.521512741452201,0.20314825127584984,-0.7952160056663208,0.42455872710275566,-0.8837545553634903,-0.0911893358207658,-0.030402227630926818,0.5823216176748709,-0.48972453161497737,0.5863730897814848,-0.17272550652026863
# Weights from hidden to output nodes:
-0.6913643603360089
0.94514610864042
0.7958330124035868
0.9067478000568495
0.6679304023984245
0.42084064254962916
-0.3798670618944396
0.37498014582943034
2.071345373451535
0.9660142058154497
0.92483462216379
0.2103063739688318
# Biases from input to hidden nodes:
-0.3445119176097892,-0.9557442452140007,-0.6267972372158984,-0.11683883847547656,-0.7048515382659855,0.3465968086307214,-0.2573855281396892,-0.6051286904513333,-1.4056749219629046,0.023727605938349387,-0.9849936305068915,-0.7526937729934079
# Biases from hidden to output nodes:
-2.1108618185607533
# Number of epochs trained for:
2500
# Mean squared error of finished training:
0.001826182674993233
# Number of backward pass calculations:
11444576
