# Weights from input to hidden nodes:
2.1028740654474216,0.5547794218435281,-2.691830913453604,2.3701945024928706,1.9336783318955528,-2.7993279798281208,0.16959540624923805,-0.760415185142131,1.1103366426669543,-2.412372680343655,0.7705029758449266,-1.9104201063761748
-0.9069379184970499,-0.3024240290258734,0.8207759732921427,-1.0621795419514342,-0.8433706394655045,1.0842526001200994,-0.036629092610822186,-0.24880764152102125,-0.6939259461155548,0.291886790781606,-0.6884085094838746,0.3777928621581959
0.11733776461284337,0.15571296455634587,-0.9271788113512984,0.02140153641219768,0.1954765277360104,-0.7318954463813345,-0.3968844624951845,-0.7032602381870878,-0.08207678471669479,-0.695084570114001,0.03132181077381852,-0.8914041882560617
-0.4877368385800517,-0.21921020471156025,0.028866229430780075,-0.03286514800745412,0.05691678131581228,0.39226617218663445,0.01373012713072288,-0.09460413847101676,-0.24835918329149265,-0.07096137859753696,0.042308439714686084,0.2889498641281665
-0.0016286766622291252,-0.01212870063584953,-0.5205525105139881,0.22904593179251712,0.03786688661119908,-0.561472953808953,0.07848099384386459,0.03169025738785273,0.1403494130041694,-0.5395730490246949,-0.09845911093125895,-0.4310932404419416
0.22724584663564873,-0.019901804018282954,-0.0760156241552175,-0.020730482816415298,0.02853702083247106,-0.13790703733694956,0.07345679297509583,-0.08800317827975546,0.0030266685978576732,-0.0946250772134776,0.3124079543498655,0.027413868330168907
-0.14549344020699628,-0.2237742055774526,-0.039821730259963904,-0.18995518845433568,-0.12189550680204207,-0.012394105788130154,0.14107940656410892,-0.32227388732657153,-0.07529495484799266,-0.022365143482093546,0.15038620511012582,-0.3956292531835786
0.7683878883933974,0.427536107420433,-1.0940454009962737,0.7366390867804964,0.3989563072928325,-1.144155250814502,0.0636001256721885,-0.5200817271297363,0.6925378437774113,-0.9449506511622255,0.2477759496261529,-0.6425548895964255
# Weights from hidden to output nodes:
2.0185693180631907
0.3481166311497291
0.11512398856821403
1.9199874450137278
1.5626522796171793
0.5181786870389258
-0.31773195516583164
-1.0795808286695872
0.8163318482425267
-0.739292473783625
0.4326271553815632
-1.1399864367486925
# Biases from input to hidden nodes:
-1.24631767885001,-0.5358390549715846,0.5068240829328035,-1.3379726923082702,-1.1254894579216228,0.4770756910261809,-0.05260760483149729,-0.021246164622946744,-0.6235556959265954,0.4346173074940679,-0.5028589519830073,0.28062079229657694
# Biases from hidden to output nodes:
-2.2807668698303685
# Number of epochs trained for:
4500
# Mean squared error of finished training:
0.0012423649391623906
# Number of backward pass calculations:
20596576
