# Weights from input to hidden nodes:
-1.0734019459257642,1.7247150311874258,2.103306460573689,-3.5061370345071965,1.044666434673973,-3.058186168075349,-0.4754526234927578,-0.6505293974857033,2.390679961728061,-3.251290295994827,1.4145197876879831,-1.238983632144688
-0.1160225124737002,-1.0813905109966195,-1.129900294546899,2.2097705121372178,-0.3627052856397231,0.3470840880110686,-0.03657999898843688,0.15544665046940634,-1.4957544697988128,1.5572453982960832,-0.828779136524949,0.18179757459267837
-0.13661527709810317,0.2033321290155795,0.05020598844017321,-0.5264636733661936,0.0005395624465852241,-0.692019009584587,-0.22429440422962135,-0.19168346596045313,0.5472999939789664,-0.4712415021971783,0.30956589250579974,-0.2330508083596509
-0.07066032880533876,-0.3142616762208336,-0.4084089574058232,0.9388888998105582,-0.3137639629880083,0.2505584914907183,-0.28487610590496965,0.009907708266061667,-0.2343028378463571,0.4431809045450243,-0.09318633740712763,0.13433978098547847
-0.018045170442435626,0.3360177196603553,0.25534415187787285,-2.437858241015533,0.27606686927720164,-0.865011420409088,0.19394656048033046,-0.3010183272748389,0.5007317314173787,-1.7562316019519106,0.2689525216733486,-0.27146889201184593
-0.03796539033298693,0.17610293922671624,-0.027023959362139815,-1.1010708074240738,0.275860315411596,-0.1332673949021041,-0.024067970974979477,0.18373002006918535,0.1303683168642524,-0.795357859245984,0.3683134777596907,-0.08943641652301373
0.06661778679987301,0.2963260363844046,0.009892615952442427,-0.08330225880327023,0.18886130825103728,-0.08308212597077626,-0.23491440081988854,0.04173295205768063,-0.11182153125376483,-0.03991184565118054,-0.07806958951959317,0.177237116491639
-0.23474765136675088,0.7381553726238085,0.3956197163635576,-1.4504789924331034,0.44760845123953036,-0.9176144701665901,-0.1120566472760766,-0.3206920465233799,0.7154761030184791,-0.8587470448513164,0.6895199088239796,-0.44429435859115596
# Weights from hidden to output nodes:
-1.1693719902831101
1.5168624018482841
1.7250119987397148
0.44217384723329445
0.8070905993512746
-0.31322932180351887
-0.7905543420157518
-1.0294880309160963
1.3035531452939009
0.6246092611629329
1.243866217821279
-1.3706027436584622
# Biases from input to hidden nodes:
-0.00023666302747693421,-0.8774103102809893,-0.7143756111320598,0.9492216460090818,-0.3989124499570741,0.8537868185912164,0.10851839780212892,0.10642967198234073,-0.7904500912642198,0.7480269258495627,-0.7775413691047598,-0.01659171270194205
# Biases from hidden to output nodes:
-2.0975872100432906
# Number of epochs trained for:
10001
# Mean squared error of finished training:
0.001380773331911304
# Number of backward pass calculations:
45764576
