# Weights from input to hidden nodes:
-0.3018896077971871,-0.24519927907592454,-0.040994772424796,-0.8836790555436118,0.16877330220185144,-1.533771554017021,-0.10698179263993558,0.6878332630212272,0.6497953566275517,-0.754720043928049,-0.31103508143702213,0.936092993600041
-0.06912270458905043,-0.11335576025822189,-0.21263510264448077,0.7740627075300812,0.16647809276791684,-0.2646496838830525,-0.0049394691477621855,0.29734849541523245,-1.5818854648052092,0.05687343458201538,-0.03273821734285135,0.16241019016531302
0.022527531103519762,0.004647548392117369,-0.1258662743969596,0.23932984292602685,0.02733682403368801,0.13671385289083035,-0.04866445851330612,0.20261339456980057,0.5141084469002952,-0.12038437691400575,0.049777259838097714,0.39229191607652575
0.065104506639551,0.1569247831110236,-0.012260535227303037,0.5818405014922399,-0.14579261215961695,0.12091151206897782,-0.18422153353916076,-0.19028613825026783,0.6577174148032315,-0.07105425801317149,0.27128382774845994,0.1338805054635363
0.03469726884373567,0.12527959821663873,-0.015189771731281864,0.7300666589591353,0.1131448118921382,-0.4854518443312478,0.1565920095395381,-0.2124783889458051,0.6861387009208526,-0.025396927584829043,0.02134097317715874,-0.007396691003048632
0.03206689519756196,-0.11174088363778233,-0.09716198375251893,-0.06356893233785839,-0.01215925931992846,-0.41537121600295124,0.03230148846116166,0.07457715479888562,-0.0021548599546224886,-0.08620951412822186,0.06023017304239115,-0.29160290429715696
0.14770822568501454,0.2160637414057013,0.11640618500043476,-0.6570807139230339,0.07056891566106585,-0.11603356096142299,-0.14722903485544558,0.025629015710419457,-0.2503544655847202,0.09967531777109856,-0.13018536858217086,0.32691545698979635
-0.031234473315733927,0.07166119822991372,-0.03581324484716334,-1.1383579724168544,-0.014658118651362888,-0.6235050631201782,0.00655216396844759,-0.1270123864358863,-0.6990090587865964,0.16012610806472397,0.11579382450672052,-0.17293360889238865
# Weights from hidden to output nodes:
-0.03617411520998914
-0.02782837156910714
-0.029639943990829726
-0.2883335123142262
0.03939008620694697
-0.19415379649878337
0.0015174481753582132
0.07726169061076045
0.2208289041502205
-0.0624100971244121
-0.030432090041888002
0.1415120787446369
# Biases from input to hidden nodes:
0.05076633494857573,-0.04697131414981163,0.23244598997492488,-0.5165586293210909,-0.16606341321524104,1.536357081970491,0.16763380462910954,-0.3999190806039825,0.25496307852300587,0.42692181403178686,-0.054445445158023215,-0.8491976632232926
# Biases from hidden to output nodes:
0.34468080448608307
# Number of epochs trained for:
9000
# Mean squared error of finished training:
0.0011313536633670183
# Number of backward pass calculations:
41188576
