# Weights from input to hidden nodes:
1.9649262495237836,0.5572894966454316,-2.6409612558579227,2.2063447480872673,1.8178063856772906,-2.789069957028239,0.237827179521938,-0.6340658083544829,1.0646208134912987,-2.3138602349301833,0.7622816458157906,-1.7936851471386515
-0.8561399540952074,-0.2712155576855688,0.8330375987048662,-0.9993731959751835,-0.7959392265249672,1.0841193233989612,0.00596160821754661,-0.2132559454642176,-0.657777416246482,0.3243406226069942,-0.6504596796797948,0.4194050427411204
0.08020312868955717,0.18263351729530825,-0.8728640982005728,-0.009695165493557074,0.16228465457450078,-0.7112440941353102,-0.31609295825325484,-0.5851114764507976,-0.07873482595646537,-0.5906368991944599,0.059545440553034214,-0.7657030055011737
-0.4640919930426542,-0.17918959312048732,0.062947780756855,-0.03539370562812867,0.06965614179101481,0.4323164616393864,0.06659146984943354,-0.06763411275245981,-0.216390429222372,-0.03522283767918082,0.08308653873446922,0.32261158179827737
-0.033159013037735614,0.006463459982107668,-0.47408261570873,0.1878636437174063,0.009891372143162679,-0.5238791943179305,0.13292050308280112,0.09262461487932094,0.1370812228257658,-0.47931063580468297,-0.0833194339715591,-0.368656105568236
0.2211037312101702,-0.0011314735606669708,-0.06280407096529954,-0.01680872032305729,0.04722211275802217,-0.12412353648403136,0.11102854602316417,-0.06403234637057297,0.008171162216097412,-0.08046840713638864,0.32858932153355547,0.044647564261979626
-0.16871423001046768,-0.20502054255522048,-0.019687107376770624,-0.20437698533767737,-0.11923091297456476,0.0019016004747634254,0.18388934231396523,-0.28328619597090604,-0.07351928442229558,0.008605234728172102,0.1660186534760256,-0.3582609597109299
0.686311118575024,0.4335963929470097,-1.0588380693528723,0.6607073181131099,0.36065182634397436,-1.1205536997961953,0.10659583652660058,-0.4631057138516864,0.6671018113149717,-0.8955520040449124,0.24575804373065646,-0.586087185740627
# Weights from hidden to output nodes:
2.0320587900957445
0.3532349808926349
0.048358252585476866
1.9317095999525917
1.5617868055204225
0.4976533164990488
-0.2892065596466053
-1.1038350578569192
0.8581331293990797
-0.897719247286583
0.47517014946187247
-1.365124630058808
# Biases from input to hidden nodes:
-1.1308889313991095,-0.4595536151389889,0.5274273787739385,-1.2131947280027395,-1.013293999978216,0.5137474683557753,0.02934341910219131,-0.00506285411000717,-0.5408969033894387,0.45016478997783,-0.41885319878811683,0.2965023326952621
# Biases from hidden to output nodes:
-2.1801551119872244
# Number of epochs trained for:
6500
# Mean squared error of finished training:
0.00124718089639385
# Number of backward pass calculations:
29748576
