# Weights from input to hidden nodes:
-2.4483755952980575,2.557446530579386,-2.6278584158950524,-1.9399898317770745,-0.11891081632646415,1.0856118523278822,1.8496403059483253,-2.2777439471734113,0.9657579736036208,0.9528810555512973,-0.31862813920504834,-2.010813544910889
0.4459645675443489,-1.3662332189350064,0.04623665841528846,0.42385920824711426,-0.3340868640724961,-0.4193830871802479,-0.8221898224734194,0.6646575155643628,-0.5636500550122288,-0.640247661290499,-0.22895096013976757,0.11863061747698683
-0.626322209778273,0.04469504814325016,-0.30459068153639784,-0.31134996160645656,-0.12122916613185979,0.2325661779469191,0.34941617023488036,-0.19000061348730007,-0.025674752857123822,0.002489318609117978,-0.36334142423201254,-0.44378937126727963
0.20458162998760657,-0.46669984377060914,0.12483694121846539,-0.07653956262268961,-0.19138624233818793,-0.09103981028834104,-0.2615714363676468,0.10440856583795496,0.05420883951655202,-0.033982584164015506,0.10450673033324767,-0.13447269126689748
-0.3392588545315772,-0.1687634690985468,-0.019524991704302476,-0.3337661912664284,-0.061829681704487605,0.09624598722617402,-0.025209527174345134,-0.8069737041786967,0.18961468201167522,0.2751239607491892,-0.06514321005829703,-0.42041488474827565
-0.4073996154324191,0.35269685077272184,-0.35022672892031065,-0.07925449987761998,0.0023668331510629218,-0.043358466372218,0.11991855754996317,-0.6142849157888816,0.14651710576886143,0.35501224605080983,0.2484723376348212,-0.39814054521922804
-0.06447386641709621,0.13345108715855766,-0.20114610545551534,-0.3708721162560016,0.011000381029466147,-0.13378539469724482,0.18262553715666152,-0.2955040995097008,0.18254366376938064,-0.1485920039856866,-0.22379743365449722,-0.03931550300701758
-0.6629450388264674,0.6825553316281562,-0.8230622911319077,-0.5441763557735889,0.008037315593182975,0.21782127400354268,0.3712107880943747,-0.8322695955597075,0.15242923847068823,0.5084842189029496,0.0034289800528334658,-0.556484179442756
# Weights from hidden to output nodes:
-0.5661603621066169
2.0036557732597666
-1.40598346705259
-1.4093114747598405
-0.46422729385452616
0.7825743651996845
1.4809249564984346
1.4458450042953888
0.776596375589156
0.7009519468167728
-0.6478958539685071
-0.6115782847823531
# Biases from input to hidden nodes:
0.39764446806901615,-0.9976705461327177,0.6601242444006518,0.4523487449933999,0.03909290196252682,-0.256459461571415,-0.7028975656940439,0.06724747327172255,-0.43240778903943,-0.27555721703992103,-0.0709376273573324,0.2088920121890067
# Biases from hidden to output nodes:
-1.7565258177339387
# Number of epochs trained for:
5500
# Mean squared error of finished training:
0.0015136704344978875
# Number of backward pass calculations:
25172576
