# Weights from input to hidden nodes:
-0.2281322949758445,-0.10751914154458402,0.0243066165896454,-2.592864572695781,0.04230688314699019,-0.4983857355995642,0.26178837209838934,0.33129837244379107,0.27065407723180096,-1.0857324726204036,-0.08658842726020911,0.9767269709766505
-0.01244038924895233,-0.06405075559151435,-0.03037548121769663,0.7366037629569496,0.12138985313919227,-0.8464839002364876,1.0727007878425536,0.10309888335492683,-1.3928248119525333,-0.06410130494393339,-0.13296834232467886,0.24629234736270714
0.24832301394303252,-0.13441596401099523,-0.3410560287216133,-0.5714973276781253,-0.10999231648748112,-0.6705099383505292,-0.026591551597212458,0.1528232319852075,0.8458210220556451,1.7657470994266256,0.2628265274401319,-0.011735863583287013
-0.05998356378267035,0.19836059146452892,0.11881032070898341,0.7731476262682597,-0.11080614224067335,0.7570469249491547,0.4199215105559125,-0.16756380355534986,0.823123743394347,-0.030231948423736447,0.11797741147732176,1.488311684903844
0.11357569726908938,0.17447631191114296,0.05994339567257078,0.2900333120026596,0.022332290986602558,-0.27181724343280733,0.2480599707723682,-0.3411793062428441,-0.07882122932188101,-0.2685362530768711,0.0445067642889864,-0.3745694550258657
-0.003246147237291656,-0.18132836952446468,-0.2161954294168761,0.03948564145070346,0.03410996982204469,0.47591622972970826,-0.03706522868639359,0.22048551616436193,0.11840261270484895,-0.2530744526803288,0.13966077198971033,0.3417980481719356
0.029769806047003217,0.3206891899270475,0.17020116005100897,-0.7315714333878742,0.1385090409572554,0.37326078652228917,-1.03876724082122,0.01951668341183704,-0.22923570776940153,-0.9570503168847312,-0.15856892013759516,-1.0180907766654415
-0.05842318546574672,-0.009444429376781178,-0.21329725503051067,-0.30437154386363285,0.07291188859934075,-1.0774868474984038,-0.8474123007512983,-0.023372947743454494,-0.3428326775471704,0.17950406772520885,0.24425122541292504,-1.1799075399609793
# Weights from hidden to output nodes:
0.06291173627846802
-0.08566792621938328
-0.13011121176887028
-0.452539072039575
-0.026756290740479468
-0.4308743147533044
-0.327633097972491
0.04489081212693115
0.23670578461852093
-0.33540528493513566
0.10053639334143262
0.3248856661202239
# Biases from input to hidden nodes:
-0.04756599607548001,-0.09020959200255069,0.23825806305262243,2.024554169789215,-0.047643609965888845,0.3492388944220889,-0.3411614423267135,-0.13843488810277998,0.10904026650090141,0.2616163672278981,-0.24486959923891136,-0.2580714058937969
# Biases from hidden to output nodes:
0.6004621095841561
# Number of epochs trained for:
9500
# Mean squared error of finished training:
0.0009532881967849963
# Number of backward pass calculations:
43476576
