# Weights from input to hidden nodes:
-2.264649217557843,2.487763286817268,-2.336092308104222,-1.2484267313982085,-0.11304066114042399,1.0574642471732976,1.7321230248887065,-2.6575039274126095,0.6808153924356022,0.7961722975841281,-0.47248835466998007,-1.8449273106942417
0.4244967412640825,-1.2552956301242908,0.05029005056571501,0.33525735614337393,-0.3074294472656163,-0.43155104433052793,-0.776444169340047,0.6255223233210079,-0.48738660312753956,-0.5740054462928054,-0.15907365599988624,0.11238681370662404
-0.6083636970160061,-0.038321932543816925,-0.2916805218715978,-0.24327294167972768,-0.1139158322315102,0.20207047837197237,0.27845386114146825,-0.2106518082271147,-0.08647261408524418,-0.04823709911279834,-0.3790320753057059,-0.4131057109717697
0.14581140919644772,-0.47305652984647456,0.07918487967977048,-0.12780699420770916,-0.20797288087422997,-0.11647918276019154,-0.27628701223281593,0.06428056517023946,0.038607732367801476,-0.04474994212504359,0.08471605903698391,-0.16879823832658103
-0.2430121262902662,-0.1537871320864491,0.13945260019073474,-0.11598133358712624,-0.04662913145663324,0.026209094278991277,-0.04668516744375672,-0.9139615671914656,0.17239318386974198,0.23092421355947412,-0.04216444875102915,-0.35321118790290174
-0.3307981282215189,0.1838544887116739,-0.2653288299781578,0.03148140160633893,-0.006281340012313305,-0.10421583818576989,0.014753070710870274,-0.580091320471828,0.07071951984772087,0.2656632850365724,0.22443673882784862,-0.3286488414352792
0.10444594937324314,-0.06136905828131198,-0.03570086092556538,-0.23494578395259913,0.02228619980900249,-0.21878240228381177,0.04194281151631337,-0.15371749376238378,0.11470601701653113,-0.24284847076805302,-0.1971058246737913,0.10361631248154142
-0.7675530118013565,0.7647530329424699,-0.8945642885772498,-0.45545373346311013,-0.005811274096060122,0.2511482936582398,0.4134406870349647,-1.100716382839207,0.10163647553845485,0.4933747553969551,-0.07559234843217216,-0.6314278171811812
# Weights from hidden to output nodes:
-0.9574836758130869
2.0361642662709807
-1.5302626163218418
-1.2791151406241708
-0.3308324576167749
0.8863023121100528
1.5032224675283576
0.538950630894938
0.5269451795375628
0.6914440173207594
-0.6717723450726146
-0.7898438753161205
# Biases from input to hidden nodes:
0.27399833618313085,-0.7826604369273863,0.46311819071126853,0.19441121058066022,0.0058933186548347175,-0.22498709181122034,-0.5610048834925249,0.18827506236627628,-0.31214087413121666,-0.19327756349982866,-0.08482016175219627,0.10804547534526601
# Biases from hidden to output nodes:
-1.36375409101232
# Number of epochs trained for:
1500
# Mean squared error of finished training:
0.0018325925486413128
# Number of backward pass calculations:
6868576
