# Weights from input to hidden nodes:
-2.1802484873173786,2.404754152024406,-2.2146450074375004,-1.1251781774311163,-0.02647683571613753,1.0261597464991863,1.6654474080032664,-2.6545862503881894,0.6890892344905598,0.7797189822554507,-0.35733110884567826,-1.7680479770060886
0.4666845990047566,-1.2366239674057158,0.09891606733895215,0.3774205106361965,-0.2914840685721542,-0.4253728717864453,-0.7708677821675451,0.6529052554418278,-0.48297625839474556,-0.5657452360114313,-0.1390451134676613,0.14616535802115146
-0.5540946420321821,-0.010837148237220436,-0.22569881351728338,-0.179824787074715,-0.07340440952339565,0.20998414563655343,0.2818339168964007,-0.19345765086822192,-0.06828749965116149,-0.03087202837691451,-0.3304180359422218,-0.367795075176438
0.18850688405432897,-0.4362215495777284,0.1293155304030333,-0.07752737489334231,-0.17484755264530052,-0.10091841309630026,-0.2600308615160988,0.08292583491634034,0.056634062202224604,-0.0245767821950957,0.1238796155093413,-0.13287348122422105
-0.2051312832839277,-0.04386106934945413,0.17558904964629152,-0.08257148168724357,-0.028290217293353435,0.05205912384209907,0.005417144272299261,-0.8940304509328544,0.18929527020832895,0.2592278213079057,-0.01974526165653116,-0.32262140019830604
-0.30582766009712375,0.1949708281781782,-0.23669304055820936,0.06459130711477595,0.02086337028681628,-0.08993859516818141,0.028557328664835024,-0.5675707125332223,0.08266779624454448,0.2760859796321972,0.25745020808831776,-0.30593276210944087
0.12148491214457594,-0.04110562951406924,-0.0163775695183111,-0.21174894279850473,0.043207401984805584,-0.19831765187918518,0.06452195991012068,-0.14594708907775417,0.1297369979596956,-0.22655633873570913,-0.17382123080050912,0.118479325048375
-0.7286579868746468,0.7242315900077988,-0.8468016350673478,-0.4063301753143502,0.033895188877476,0.25392985127018197,0.40018855075578075,-1.0832464786940605,0.11211497065464396,0.49255444616860533,-0.025422570233623546,-0.5967232028353855
# Weights from hidden to output nodes:
-1.1155472612278332
1.8033424228666461
-1.6556334434979354
-1.2708149379476714
-0.20844986479494929
0.8834107605385416
1.4318920062212892
0.3773298591933521
0.5678348970619543
0.6944967292737994
-0.5465145859072019
-0.8861155222204501
# Biases from input to hidden nodes:
0.26449938417229063,-0.6126696440263673,0.4392375694034752,0.19347468596877684,0.035387449246672344,-0.1465430478450837,-0.4464976917018212,0.21013898394334482,-0.2553071892930588,-0.12089855154692915,-0.06712579991353666,0.10174510467449391
# Biases from hidden to output nodes:
-1.2482428264988252
# Number of epochs trained for:
2500
# Mean squared error of finished training:
0.0018222488254423302
# Number of backward pass calculations:
11444576
