# Weights from input to hidden nodes:
-2.013495822105641,2.504066906551253,-1.9486838871286942,-1.5254977825765903,0.06137765316576813,0.8414095014079778,1.5143992090673386,-2.6459095183284655,0.789964761839197,0.8336297392117008,-0.021181761829167967,-1.5811810438573393
0.36687401356252447,-1.4552212417392472,-0.030686483502216685,0.41906365171263993,-0.3556539574556411,-0.39767009535735653,-0.7818728929272861,0.6111169130573779,-0.5784076103330432,-0.6576295227397116,-0.2668642975681695,0.03469473667358212
-0.7189711830863315,-0.16593224256989086,-0.4002250518656041,-0.42464097533742806,-0.09725533596201397,0.2034586226137801,0.27609039248315337,-0.29673376108443833,-0.05932554489560589,-0.046402100314104654,-0.32581843673907007,-0.49328055904177637
0.23633721062985857,-0.30721404724155515,0.1687713911473414,-0.012271363239251265,-0.17863081021440133,-0.08919078936996916,-0.20447725757904087,0.09901767971433113,0.06407264817866115,-0.01400538588850072,0.12406653009360132,-0.10778712434445396
-0.22701420285623927,-0.0647179311469918,0.11802974544981579,-0.23272394987799208,-0.047827240245015876,0.09314955669443309,0.07011273029075563,-0.7294650316538028,0.21876351718653123,0.2841135916526707,-0.03464667907842082,-0.29935960759989294
-0.2542930261208927,0.11017044405671514,-0.19304025602089583,0.04076771518671712,0.024782781703288306,-0.1193294328329298,-0.02739915021065836,-0.4670327036891174,0.07001292622050782,0.26579650732078064,0.2930041866412146,-0.2604675761305475
0.11985236313268217,-0.18190798906345937,-0.0363333742056262,-0.2207822693114957,0.026740769999693704,-0.206428362216793,0.023332332172040903,-0.08923325199161498,0.09402675541834378,-0.260147155729102,-0.19134825413714088,0.11183353931040053
-0.7285983874063799,0.7620932424758261,-0.8120145785825771,-0.6039925597042352,0.054189216377300044,0.19633519749420797,0.34761572743810326,-1.0820852098736586,0.1483720765004263,0.5291239790056964,0.07910605342931055,-0.5772056114336714
# Weights from hidden to output nodes:
-0.9599636684530787
2.1998748023215624
-1.5171139235987123
-1.36847074296844
-0.1668966085551187
0.6616345082327948
1.2834612529954
0.22813967140443356
0.6332970036508059
0.7627378540449237
-0.2683483876278622
-0.9387109596649255
# Biases from input to hidden nodes:
0.26556621349192244,-0.7679574265805247,0.42613811290276166,0.2931483728718473,-0.002306020548797551,-0.1419833701755589,-0.45581168804096495,0.2136199036052814,-0.3245456301110042,-0.1866980881302802,-0.13645420589778814,0.08626568259218781
# Biases from hidden to output nodes:
-1.3714468626590843
# Number of epochs trained for:
4000
# Mean squared error of finished training:
0.0013003061298105909
# Number of backward pass calculations:
18308576
