# Weights from input to hidden nodes:
-2.3456308403591506,2.5296035809404533,-2.4722096143367547,-1.3525377376807868,-0.09429513177257116,1.1104908751896607,1.7896171234962455,-2.5980264631675056,0.7360729831409186,0.8364245282437414,-0.477908944680384,-1.9073798893815994
0.44033030723039013,-1.269749944990605,0.0665164390347528,0.34325926134712553,-0.30705918595407533,-0.42708395001923244,-0.7789646271826617,0.6451852692227928,-0.48959733535859357,-0.575283502433226,-0.15899136742800485,0.12369461597564763
-0.6020498952009044,-0.04075961410701009,-0.29369663707808386,-0.2517097778282592,-0.10486174064640993,0.22061665532310532,0.2911651869938817,-0.19175190484209947,-0.07372517525979037,-0.03788125310695316,-0.3736550439798959,-0.4104209597035164
0.1563448229865601,-0.4828430122705916,0.08558427815503646,-0.12665485829408818,-0.20192543317712716,-0.10782237109446188,-0.2750558187776888,0.08022702907076196,0.045062022965571956,-0.04041973856115029,0.0886297022620992,-0.1619656546904654
-0.22978093076409795,-0.20239894835841277,0.14434603311010905,-0.11657259886525298,-0.04417760425086167,0.015424621275857186,-0.07778431264151592,-0.9133654143760467,0.16316760823484436,0.2195312661322895,-0.038482847861420685,-0.3428610385902803
-0.33831505771525167,0.19174245419477753,-0.2829124454578801,0.013656159782412063,-0.004889218390641641,-0.10416009104007627,0.014310815959782622,-0.5656476853597837,0.07576647601452516,0.27314237259711155,0.21989459348303966,-0.3350994115338468
0.10999889952011725,-0.05408576020059191,-0.0287933770206866,-0.23327398409558045,0.02440918054736712,-0.2207084710141493,0.039505634909206146,-0.15083605055013355,0.11745643884953713,-0.23767549190638637,-0.1975246502061258,0.106887207785664
-0.7832460042638093,0.7862867035418828,-0.9218161295897613,-0.48004917770872163,0.001860104032218883,0.2581209183051781,0.4233323038068008,-1.0812001823164887,0.1177919710591971,0.5086876741976111,-0.07612573768955637,-0.6443650132798924
# Weights from hidden to output nodes:
-0.8785584403564818
2.045314786735104
-1.5286100917131944
-1.3536034033298858
-0.33575626372175615
0.9130962492716831
1.5245729211716903
0.8453103836885072
0.5644001250011031
0.6964721882743106
-0.7011142295576749
-0.7346755213669167
# Biases from input to hidden nodes:
0.3114323013312986,-0.8199771438812636,0.5192735850076794,0.23391642206791552,0.015833482572391436,-0.23625786226955947,-0.5883288129524317,0.16857908493901813,-0.32062591433454457,-0.1989323479241034,-0.06933259688673027,0.1349240174103516
# Biases from hidden to output nodes:
-1.444638409001235
# Number of epochs trained for:
2000
# Mean squared error of finished training:
0.0018372012118043801
# Number of backward pass calculations:
9156576
