# Weights from input to hidden nodes:
-2.4929213990737686,2.619448599475724,-2.7454670379363253,-2.0626934627641647,-0.16397542934045045,1.1265275363187497,1.908717833123607,-2.1500290806983657,1.0050090885755383,0.982757365967799,-0.3802407982628911,-2.0609049063440454
0.43987268587405054,-1.3985055778833464,0.035231773508341876,0.4087106252691389,-0.3426879680857343,-0.422603327821403,-0.8368585984248488,0.6789567081663743,-0.5704086430366399,-0.6506950674353613,-0.23882102779640244,0.11195718907718116
-0.6379881659246903,0.03808645876441602,-0.3277423356807855,-0.3394260829712874,-0.1415696363654862,0.24035137481134827,0.3605536821023144,-0.1622041109783143,-0.022281386968766966,0.0016561346362672234,-0.38726616772962913,-0.45818866859142565
0.1980487914590537,-0.480470396520926,0.1133636707019538,-0.09034869000821596,-0.20361614902536712,-0.08899574615759523,-0.2613909759112581,0.11819424043831281,0.05449840749984564,-0.03766756030424169,0.08936302712800884,-0.14248474884235235
-0.35684663096046715,-0.20011203648699552,-0.0664573047426908,-0.38395385016917355,-0.08147228995196515,0.10079728944550757,-0.033449679736755916,-0.7574754932523059,0.1921892309773204,0.27286623691502404,-0.09152147303122744,-0.4400771787325721
-0.41211252189604186,0.36903243643178907,-0.35993742545360874,-0.09136185387355673,-0.008509854997099135,-0.0471082445262973,0.11958070643602421,-0.6040946668170762,0.1483444716171355,0.35987765667900506,0.23422983171143827,-0.40433683654235364
-0.06779109862403516,0.14304753146575164,-0.20581974128728903,-0.3790055226020772,0.0011308068346671952,-0.14005668045481406,0.17748373379986881,-0.2898520809279724,0.18092529102068994,-0.14786518095579299,-0.2362658467535401,-0.043744077330779216
-0.6745526239832975,0.7322352259135462,-0.8496761647735217,-0.5744714464773985,-0.009216398740434176,0.22264723555785526,0.39018721068834006,-0.8027765569793257,0.16395773444731582,0.5231528934871643,-0.01975104144344243,-0.5703186813281679
# Weights from hidden to output nodes:
-0.42789018173750076
2.1260808294361637
-1.2719575211240628
-1.352817050881172
-0.5473600663200001
0.7914646718604733
1.5176890040359345
1.585781651450678
0.791544425485719
0.7061207579318954
-0.7393304333895596
-0.5207679698290973
# Biases from input to hidden nodes:
0.4155337611170232,-1.1135327824359809,0.7174669215272651,0.5052251370287077,0.04319886477715953,-0.2997253925896675,-0.781819378031002,0.005598563625387675,-0.47546072111539134,-0.31643774628306165,-0.06089628889220627,0.22788718211474102
# Biases from hidden to output nodes:
-1.8816191744870483
# Number of epochs trained for:
5500
# Mean squared error of finished training:
0.0015103430283465152
# Number of backward pass calculations:
25172576
