# Weights from input to hidden nodes:
-0.2924987771376406,0.897715220667332,-0.37396694668357316,-0.006819208202220648,0.08571546085315329,0.35057416358200405,0.49735907671002444,-0.8324570883072622,0.22151825163897992,0.11964298962394898,0.06670610234515052,-0.2950047894425231
0.1905334587263472,-0.89745191355562,-0.10558119068158264,0.33294344587484237,-0.2834241363010918,-0.31991975636549824,-0.5405465733470652,0.3326055418281496,-0.4474366124603428,-0.45680271647238285,-0.21097446010167675,-0.0430639763091733
-0.2291428805888791,-0.34188454157454207,0.08193233540920263,0.05872632124961462,-0.048007168477306544,0.09349351346862296,0.06586645101064456,0.2886392594365523,-0.17873440324278,-0.16709362514409368,-0.2857037721106021,-0.07837855815018302
0.18449235864600028,-0.14764649870621896,0.1747419134146508,-0.028571732901679022,-0.13832639770087785,-0.050100118207437046,-0.11877368060785277,-0.013349614473915083,0.10883988093032233,0.05103701706027251,0.16890463564781177,-0.13699827751908056
-0.19869348874757994,0.6071632422855736,0.12066066116498228,-0.19033052320818042,-0.051063918309388535,0.22920457048164924,0.3676619511501228,-0.6211736893330286,0.3326877667193782,0.41818070390922424,-0.042683205032946744,-0.33862767237997815
-0.3559091386442453,0.6464009614146601,-0.2290569531427694,0.029041642796282286,0.022567119936481805,0.01719545375442201,0.2641266459108581,-0.8016745002558606,0.19454981534002955,0.3874771964282829,0.3157969298090553,-0.3736986169527192
0.04237280828924769,0.1924624409916505,-0.08699880390886505,-0.24669683878534474,0.05316510174207392,-0.09935056450484601,0.238678179474765,-0.2572507387146605,0.190385865933528,-0.1552885264341985,-0.15723565183553845,0.05483842310929569
-0.15166861006033125,0.30112345916253236,-0.30417470511758193,-0.07534507296296185,0.07364887473204865,0.10118747553865177,0.10768117100202751,-0.5548226295395053,3.7400543351851936e-05,0.30342111972537184,0.1396651084167212,-0.1495109461797121
# Weights from hidden to output nodes:
-0.6482375010651736
1.4754350530171352
-0.4721385048661257
-0.4507737216674365
0.03577262235385007
0.291046011715898
0.7014355429280288
-1.475484713155374
0.4660534936940107
0.5646758029138688
0.16794408970009841
-0.6181105277438552
# Biases from input to hidden nodes:
0.0011925973583151713,-0.008238802213758216,0.22455604286735598,0.10912286567960122,0.06420260088383414,0.05513116638087615,-0.052862875896002595,-0.07370375355331144,-0.1202279799433431,0.07165188220230659,-0.07900108653679785,-0.09140114957237108
# Biases from hidden to output nodes:
-0.5272007777571706
# Number of epochs trained for:
10001
# Mean squared error of finished training:
0.00575926521353019
# Number of backward pass calculations:
45764576
