# Weights from input to hidden nodes:
-1.615801969747168,2.003934213490093,2.4872499072238186,-3.510823034917113,1.21560075073779,-2.8409979416457736,-0.8880299887268287,-1.177109189272919,2.621809223119167,-2.8858016469978933,1.6721254327322403,-1.8174677162530508
-0.26049309593833914,-1.3269951325890623,-1.2844779755124434,2.206902575613601,-0.4489280620616533,0.40384603007047726,-0.1537433036574015,-0.007375018862203452,-1.7268408836961937,1.8157755861423117,-1.0014136347469869,0.003668814195957724
-0.3044593678494797,0.1427513649563655,0.152979970214452,-0.5414122798723389,-0.03245435503869365,-0.6589266630398654,-0.3840864837173381,-0.3673970092004157,0.6276173254024944,-0.3148522791034347,0.3047406800702683,-0.40883438053150883
-0.09704605088904593,-0.40312773990427775,-0.37228072047812494,0.9194784271699268,-0.40900162473855184,0.22184367927655904,-0.33263774953662545,-0.02455248749347226,-0.19586230361484094,0.464593840638586,-0.17065838245981954,0.11202752379493644
-0.2159287326501436,0.2644578398512048,0.244223168458831,-2.4454453967742467,0.2282173996435723,-0.8118870756289586,0.038501181810954466,-0.498628346013854,0.4887996920314491,-1.627349363272258,0.22637312454797356,-0.47823018278565477
-0.05744988323480544,0.3517273646746499,-0.1558486911411212,-1.1122577816290118,0.2976751775132373,-0.1795897965082197,-0.046106765265611235,0.15122691571675906,0.07629846068509605,-0.8470326416402302,0.4137003174022656,-0.08028722505483757
0.06679811976515342,0.4158528267998801,-0.0797008499536764,-0.09832785554006526,0.19399731754732213,-0.1245532371981109,-0.24690654167496617,0.02442239637170695,-0.17581583532489647,-0.07297606603193915,-0.07387958792792465,0.1972800058347391
-0.30532120676948493,1.0384403224659258,0.3687422960806415,-1.4627186901206164,0.5365446545518666,-0.9356574371052467,-0.17483301430323156,-0.4055504444079447,0.715890686872964,-0.8763071482622198,0.8259534754062194,-0.49135138135590767
# Weights from hidden to output nodes:
-1.1863912744426677
1.479685318539086
1.647293999218311
-0.30471322490299907
0.9702058718066884
1.3436386905311926
-1.0276867556364022
-1.2353924006590553
0.960802990618698
0.9013026751662794
1.2928267158092828
-1.1422798228767534
# Biases from input to hidden nodes:
0.07960642428352019,-1.0088738003489304,-0.9348928085210264,0.9195896814437482,-0.5661051874094357,0.7336002579223988,0.1305327333170481,0.15543787014494656,-0.9029995318307639,0.6969753558892026,-0.9513436739680813,0.08938927300883037
# Biases from hidden to output nodes:
-2.428785122984713
# Number of epochs trained for:
10001
# Mean squared error of finished training:
0.0013725517599591473
# Number of backward pass calculations:
45764576
