# Weights from input to hidden nodes:
-0.45836556019674024,1.5325168750768952,1.7515107099387117,-3.946432946855887,0.8546888644203201,-2.4223497654646033,-0.4306520012014177,-0.5589830441707664,2.1869528082617626,-3.4804341170783566,1.3358350988969807,-1.4150161377562152
-0.07927092869225688,-0.8946385437113987,-0.9046910186547478,1.888431754776588,-0.2563484943547601,0.254282225844566,0.06500426732723873,0.29574417675796794,-1.1720322847218543,1.3299470451048792,-0.7294482176917723,0.4601314753153574
0.0011681804672458696,0.12775940671160027,-0.07771137094164954,-0.5520655355017511,-0.03204009911856327,-0.5917802483078163,-0.19164993299443506,-0.14819094817967954,0.35010197056696046,-0.449038119164407,0.23290254752407927,-0.23693851027794013
-0.056183265129360165,-0.21483774904271635,-0.31852505170419504,0.7512250721675939,-0.2253782515160541,0.19893561559081768,-0.23650919814961668,0.05741349983383861,-0.10662679030058407,0.3585386053808906,-0.020323923299479244,0.24287821370614077
0.15260553180113165,0.2727364263284265,0.1811087532465438,-2.3864194610547504,0.2278384932079103,-0.36394824733409653,0.24241267297335378,-0.2213178461921403,0.4101388614119443,-1.443104014229725,0.20007675907022246,-0.17976020696092723
0.020889853615523212,0.07229181753132986,-0.03155995640041127,-1.2291463178597584,0.24345694534639306,-0.07092029382465913,-0.031814075647628524,0.17142439992007202,0.1010966910141564,-0.8022051304961684,0.3230470567355796,-0.17585268686876054
0.10843598471913365,0.14493611635479556,-0.07710216955397715,-0.050097929498019285,0.13995973732002975,-0.027117267436226736,-0.21168888132344832,0.07715078017827728,-0.20758522007803437,0.031677181457868846,-0.16697786288104993,0.20312242918319434
-0.14822110828005783,0.6101204023332114,0.34391809083115693,-1.4853250214213225,0.3855722731547258,-0.8655249442304654,-0.15377592525054135,-0.3702551217010665,0.6413639704700433,-0.8787097095116836,0.6478995462220551,-0.6483678246623401
# Weights from hidden to output nodes:
-0.6973706614814722
1.4939516927680503
1.628632995346303
1.1845139192025922
0.6423978058595148
-1.6007653891420404
-0.7538539230998652
-0.9733570575750273
1.346293719240143
-0.04262570643201472
1.2455328470424623
-1.6054263467126795
# Biases from input to hidden nodes:
-0.11037389549740584,-0.7293154724353473,-0.4651936789408592,0.8768161842179466,-0.25930905901183315,0.5655793880419904,0.1142727239525145,0.09383195300442691,-0.5978132898975611,0.6928187259211948,-0.6686978085041436,0.00015653407942029668
# Biases from hidden to output nodes:
-1.6183507548556681
# Number of epochs trained for:
3000
# Mean squared error of finished training:
0.001258531085786759
# Number of backward pass calculations:
13732576
