# Weights from input to hidden nodes:
1.9085086196583443,0.4427447679459717,-2.6639630621605854,2.1447401666235377,1.8309270881452446,-2.844456085454945,0.4189238291295014,-0.577784753690086,0.9969404637562103,-2.258191149076921,0.6049964327764399,-1.8372854136169898
-0.8730721245817114,-0.21192344115000483,0.8851394988025921,-1.1263403483051966,-0.8536872030746825,1.096285773755838,-0.044425841071250444,-0.25547019033432206,-0.6072291420652001,0.4194378685172791,-0.5458860580249102,0.34293908202124235
0.1829888899240176,0.15591154175303598,-0.8662514390964021,0.16074757032501458,0.2589882456462967,-0.7709710020849846,-0.22871491758181237,-0.4675557213471976,-0.05099147866725989,-0.418121262910421,0.06063458436128528,-0.6079371864424418
-0.48308435717008763,-0.14731196654957524,0.033703362243084616,-0.19768089296118205,0.013872317210333955,0.41161714189726983,0.057339537140402505,-0.12333825700052921,-0.1941249471839298,-0.08587799584771537,0.11554602687942049,0.17742720766607104
0.09024244805576152,0.06065920750343711,-0.7674015799462116,0.2646466375175475,0.10343426953543751,-0.8098315730884059,0.19803701271866414,0.06279561182776273,0.2314600913397437,-0.7439147286541494,-0.011191760124931846,-0.5451926713655068
0.25898159524941067,0.003248573479396932,-0.06635669704352315,0.007469124288084237,0.04684653116826143,-0.11303396252112705,0.13524814729420032,-0.04769689966833449,0.007901161409331864,-0.07867857055970864,0.3177966493025412,0.06379371386318905
-0.06146768435984223,-0.19605049725798485,-0.09307113073990105,-0.06420218624305254,-0.03551269015912912,-0.08697610744146797,0.21639195964917138,-0.277350313008565,-0.035509094876898926,-0.00194292746542231,0.17915365778721673,-0.3762082636283506
0.6629749167037942,0.37236820919741936,-1.0079511042917522,0.6925435421820004,0.35617980829069557,-1.0800098508520724,0.18042900920972194,-0.39871671714442436,0.6060978673435103,-0.7895067280693937,0.14880763661091786,-0.4907286632380463
# Weights from hidden to output nodes:
1.9420964438083401
0.1714516155475317
0.03543428881603654
2.0050974034589175
1.692143584825331
0.2807199970835939
-0.13992047848324052
-1.053300773052218
0.7875786913066846
-0.3228186035519905
0.2956237584977779
-1.4472726063820234
# Biases from input to hidden nodes:
-1.1105276545688816,-0.38494709684999406,0.5420479027535818,-1.292958413416786,-1.0748068181118944,0.5663565509045063,-0.003279629585102273,-0.014338878025108076,-0.4950867112253708,0.41858079633413525,-0.32730017626713404,0.30218348470185397
# Biases from hidden to output nodes:
-2.238947433732501
# Number of epochs trained for:
10001
# Mean squared error of finished training:
0.0013711088429470125
# Number of backward pass calculations:
45764576
