# Weights from input to hidden nodes:
1.8427871180602295,0.539146022639358,-2.6263995788063097,2.0750581917106627,1.7069210995402748,-2.8219907276396206,0.2776530460089113,-0.506622569998964,1.0084495780046399,-2.2017586232727866,0.7356544054509534,-1.6307321102014734
-0.7878327373281353,-0.2571999039490928,0.8385454883705802,-0.9288206328477029,-0.7456722131720878,1.081581568671202,0.016490226079439074,-0.2063703609497335,-0.6223116232746714,0.3364106544373584,-0.623615435222096,0.4330445371664644
0.058978104128871306,0.18090145329036147,-0.8590814948772513,-0.024940494015994928,0.12900390615800666,-0.733286434221597,-0.28191666280298927,-0.4888274964616136,-0.08348767742119967,-0.506421578495858,0.06641898376236843,-0.6462426119121828
-0.437620133935687,-0.1623560108301676,0.0685932051858801,-0.05504066757187388,0.05923379808480084,0.45093419439116655,0.08309310330167945,-0.06165288274172796,-0.2015012561193888,-0.04723581704955471,0.09939547670518462,0.3053895506327956
-0.04752412423512484,0.00916070920196204,-0.4653199100516939,0.1582625955141526,-0.017963628717364215,-0.533466149988381,0.15866629003953464,0.15463924499655834,0.1291045297635117,-0.430502469585792,-0.0820410050270961,-0.2968782723928933
0.2150058781626797,0.0069843671203055355,-0.059056426507255816,0.0012617999663805874,0.07761057729357758,-0.11879632785992947,0.1278925338567948,-0.049972347145802745,-0.0006469028376816662,-0.07267193746486178,0.32958286548662696,0.05598859450810656
-0.19166429364175055,-0.20071126860472416,-0.014220719412152751,-0.2064969283454366,-0.1098437864056198,0.0017589086129209653,0.2030097285617651,-0.25682769657605825,-0.08642958134233002,0.030110489468253544,0.16434463046126008,-0.32862314064104897
0.598320686474114,0.4278630965735469,-1.051526118421234,0.607677081926643,0.3368739205417385,-1.129558145827882,0.13300040979315247,-0.4119137093691336,0.6236199852673443,-0.8492100331147785,0.227030382914292,-0.5204250919960932
# Weights from hidden to output nodes:
1.9488661493059576
0.35229350565706286
-0.19777938926366026
1.8969785931784051
1.5233275657809429
0.2506156644378928
-0.24285454537904874
-1.0120039827521186
0.8542059518449785
-1.0728663095226385
0.48849510445672945
-1.4745384005455897
# Biases from input to hidden nodes:
-0.9954460354673588,-0.4174228482548588,0.5333014037507994,-1.0901389203798761,-0.9078015947654092,0.5504512705754495,0.047991997069607405,-0.0393601339352547,-0.47771683935956794,0.40236955794813545,-0.37056681235705174,0.22429365091198236
# Biases from hidden to output nodes:
-1.9945332482205869
# Number of epochs trained for:
6500
# Mean squared error of finished training:
0.0012678121725348626
# Number of backward pass calculations:
29748576
