# Weights from input to hidden nodes:
0.03745733045912366,-0.08831441510215601,0.7731378380421396,0.29584254333795723,-0.8990113234579098,1.1143307601433023,-1.3818969515681656,-1.061749423218113,-0.6035118861639267,-7.829265893273662e-05,-0.45904457450814024,-0.41079984228423555,0.08926269326270135,-0.7254221459032293,0.954833856413674,0.7489643022150706
-0.13464362605696756,0.17062688377315,-0.8425288743651302,-0.056154331566918174,0.41474177125605016,-0.8143276371628311,0.5466235760379455,0.6688749611321484,0.3401804549241761,-0.17308424879798356,0.5461339535492382,0.01813552073661879,0.032868797214924875,0.04887681399166399,-0.5911337098101581,-0.3514749068802874
-0.05414004648369333,0.145097197208867,0.07626985447781032,0.1024433248391567,-0.24020359834256355,-0.07684221623988284,-0.32412442040003464,-0.31079245831513114,-0.3435823192296775,0.028220332188737752,-0.28012613877566217,-0.3565471791007273,-0.21637092012970996,-0.4031240400905997,0.04802964120927082,-0.002428081865534641
0.23501681825070603,0.02296834342513151,-0.24936508350693085,-0.1828032622452284,0.29166522855363375,-0.05647875724028577,0.257428516413818,-0.042845041178009136,0.04103929241366176,0.04617462261026063,0.06344376886129093,0.04627738295470822,0.2126201576697983,-0.1393878645120776,-0.23669207630277955,0.07181987161499799
-0.142998323461493,-0.24583430094715297,0.8964731940250767,0.10852619465225793,-0.7204193222186098,0.7737244633507787,-0.8335043728324442,-0.9315276071555374,-0.5912560040673459,0.0497346006591532,-0.24194647887060433,-0.5338788362776304,0.15504738240278865,-0.6003197502956192,0.6835693588295211,0.2639451108077663
-0.2675668910866283,0.20389710727786098,0.10998444347297812,0.3328419391516883,-0.10089519112179078,0.2750347477718106,-0.5248342483625591,-0.06912522378910504,-0.3137110294361111,-0.03986430909780043,-0.23833103343266224,-0.13364075446463144,-0.03837581691658662,-0.33620235460691006,0.08866174327886263,0.2918700691894915
0.14308616193555432,-0.0012762441125430376,0.12604033131481238,-0.08499733425856307,-0.14356229329151082,0.1177732159328283,-0.24994915736801498,-0.27236494073027273,-0.29257322579026473,0.22921101699954127,-0.2606332804935458,0.10479983474062327,0.09247441219422799,-0.0700098966447788,0.0035392524723092,-0.09847047716692271
-0.14608547548161452,0.04342733014244165,0.281345006773867,0.16379632203266964,-0.4725873364078212,0.35298406950742134,-0.3205371031172164,-0.3870079512138487,-0.3204778907072276,-0.0029716264741905403,-0.3013265211411034,-0.12784865287827912,-0.08679719529775007,-0.035603744479278415,0.40687382230735103,0.0057312888953865975
# Weights from hidden to output nodes:
-0.24304882940147046
-0.3055752984657519
1.3487685525315867
0.2944089095083159
-1.416671263180714
1.4999408169464554
-1.7502901102071902
-1.4342547438505628
-1.1402409612137376
-0.02801587557413772
-0.9589232670166449
-0.7656279480222558
-0.079952186752681
-0.9265779871649947
1.3082021009888785
0.6739132513356494
# Biases from input to hidden nodes:
-0.19360776913669472,-0.11977301254946189,-0.1713447953802794,-0.15712678036863031,0.19565271181462382,-0.2298319267856476,0.20750114357818664,-0.14059499609928508,0.19946778888322989,-0.0607599291543847,-0.103142763528347,0.04249776129370303,-0.23303616906346103,0.05326765397665337,-0.4060425846499483,0.10692989662079384
# Biases from hidden to output nodes:
-0.43302372692162866
# Number of epochs trained for:
201
# Mean squared error of finished training:
0.0016816571972092587
# Number of backward pass calculations:
1202784
