# Weights from input to hidden nodes:
2.825003171891063,0.3125513521896483,-2.3956476860238154,3.2333820886538653,3.705133007354435,-2.678105406492279,0.04888839582321268,-1.674415071874518,1.5660467113303775,-1.625783497320708,0.3797500148705981,-2.1191074140720367
-1.6269620384225636,-0.3092343466704285,1.0165937261220812,-1.493383204133938,-0.8736825000295366,1.1854022722992381,-0.2501037579111866,-0.6691809238081943,-0.6671342503391771,0.6913636139934057,-0.6807739172222347,0.22112319362414648
-0.071266261116845,-0.025406427372707714,-0.9954162268166262,0.22710098599813636,1.197847274579352,-0.8864129671658016,-0.4517059140787884,-0.772502386693366,-0.25953935409782036,-0.6063867217462396,-0.11699851769308914,-0.9649295019869881
-1.1176602288392432,-0.3489114891226261,-0.045899374919485654,-0.2507561591134416,0.7766217617749788,0.3089844268227488,-0.20297112494893627,-0.28799874570000594,-0.4190498081238192,-0.17241761841386147,-0.11163994057903688,0.07026173694203676
-0.39690154034147346,-0.0589503989507826,-0.7950809686726362,0.19358275158914118,0.5857533630290706,-0.8621721864559652,-0.03286550632358178,-0.4265877303582112,0.18736135438765603,-0.6854958111042995,-0.15005839191151155,-0.8450603930614633
1.4551631841414372,-0.14297977630900316,-0.1181020680281874,-0.12037022703291983,-0.860680430614616,-0.20128003386654977,-0.08770706024280768,-0.22956498193056726,0.04257088357545446,-0.08460348836254275,0.14225837074717795,-0.006946227996709726
1.382685463360992,-0.338771632702869,-0.08296212093727413,0.16398928830579074,-0.32559074690101414,-0.14366835228479302,-0.032741019696026656,-0.5366269481987586,0.16230583340821167,0.119934770571502,-0.014656039738527114,-0.3825527274547971
2.441540610913299,0.21900720725643094,-1.0546111592798646,0.8970057791800458,-0.545099930812433,-1.1541629421481863,-0.055812543224423715,-0.6702561281437993,0.7467912285042531,-0.7939666842269253,-0.029389516241623025,-0.6516345728083343
# Weights from hidden to output nodes:
1.9631521924120996
-0.0740365685923871
0.30478139545907085
1.3122177331867924
2.14195388419825
0.09565534274369694
-0.2892251198116271
-0.160407515303843
1.047561096302766
0.8293909130256762
-0.28872580242977486
0.8674312748721066
# Biases from input to hidden nodes:
-1.4893432971849179,-0.7176515469440461,0.355589799453743,-2.2016920944917704,-1.8014167028741834,0.36606213089612843,-0.3745392362207574,0.040507593396746366,-1.081223559788396,0.09929046471996171,-0.6786519360778865,0.2090822223411724
# Biases from hidden to output nodes:
-3.2317526737226436
# Number of epochs trained for:
10001
# Mean squared error of finished training:
0.0012525036484441927
# Number of backward pass calculations:
45764576
