# Weights from input to hidden nodes:
1.334775892455082,0.5150038135168175,-2.07404698572793,1.5137435645393462,1.1518793875046458,-2.33306221542376,0.5018733237134301,-0.2923920537799152,0.6298415174130118,-1.4528187097137593,0.3881424871075248,-0.7214968913093206
-0.5428299599512588,-0.2311683286490447,0.7847323153468904,-0.6472748873822861,-0.5092224545130998,1.0093485311671313,0.006106928091519236,-0.12899389586442306,-0.4488393359324505,0.3033379279971769,-0.41354456936628403,0.37332817214223696
0.04272028939190502,0.19382430919506768,-0.5984654852909126,0.010339388080460242,0.0617568143497063,-0.5113614758746285,-0.16540651688635477,-0.3107346529532208,-0.12866860337706645,-0.13419263141809928,0.04374022210021972,-0.21429306164653336
-0.38333779147544444,-0.14012898265430193,0.018402528523505615,-0.08661878008482954,0.04927538908147179,0.37256322357781735,0.11129094561044856,0.007032620412956966,-0.15900134524911005,-0.09203193275758954,0.15816539087024875,0.2936193605461929
0.2684767448926146,0.0946633087367281,-0.5711100247991149,0.5010030186464262,0.18396089707715388,-0.6331659253265733,0.2422502739639347,0.17635687284019788,0.24435697733762227,-0.4686156962929818,-0.011019119835435728,-0.21474123345422808
0.3177925817850796,0.04207623917019691,-0.07913847211472458,0.2076523250077625,0.22219452842682963,-0.14966558369143734,0.1816215272384928,-0.02009298084642258,0.01010433392256036,-0.039427976156169074,0.34177814372417065,0.1321902320714526
-0.12780572286945338,-0.17086504453609372,-0.02240681887498757,-0.06128515868395095,-0.010922843509044993,-0.02920562163072208,0.26223997206047917,-0.2110668930466759,-0.080312146354178,0.08612882773578355,0.18099026274340968,-0.23870731770828693
0.40199358519596173,0.43047425404285544,-0.8371929612622191,0.49472221410842165,0.2252908365252279,-0.9383096448301804,0.2442969745580896,-0.3281062883712004,0.4594389983405687,-0.5497478163065531,0.09650479895706911,-0.17041212344379758
# Weights from hidden to output nodes:
1.3174782761699608
0.4932079237368924
-1.451062113224846
1.2574164123719376
1.0279678871141658
-1.5776809330220234
0.15132591961617892
-0.6082286695050803
0.6216301283224899
-1.2815599479502549
0.2850187104680393
-1.0818077298194122
# Biases from input to hidden nodes:
-0.43480723261098675,-0.28720272969865995,0.30191166663415514,-0.4899231724894049,-0.43092326033314177,0.346168233694945,0.08175157993019781,-0.09850350943079983,-0.1901965508427564,0.1031070632613359,-0.13076038492638292,-0.07795483710924353
# Biases from hidden to output nodes:
-1.0979824324645344
# Number of epochs trained for:
10001
# Mean squared error of finished training:
0.0018307502168348137
# Number of backward pass calculations:
45764576
