# Weights from input to hidden nodes:
-0.5897681138506127,1.8779998694957412,1.677258276190497,-3.2284246500362515,1.4472632019616734,-3.6001997801016516,-0.10139565787846401,-0.06017797115773356,2.3265446254424047,-3.549163079988873,1.5874969048820897,-0.9274205997348984
-0.07665630131895354,-0.9370287073316881,-0.7727881855834501,1.7272491100960288,-0.4259044432494448,0.6193314405995123,-0.020057407689064836,0.189184961015186,-1.1406543094186026,1.3433519674722054,-0.738553349047822,0.32242432694841305
-0.008292920825844693,0.21244851784077703,-0.008625082596085971,-0.35914780201953184,0.0585928770024822,-0.7046350820801939,-0.11154833931414525,-0.021315490786108046,0.45774524892282575,-0.3500051642845472,0.3208293584955551,-0.10124940181407954
-0.07932966581961219,-0.32646155087604284,-0.3370092826923143,0.7027388542072279,-0.34979031072043587,0.2889353217943534,-0.2774185391501063,-0.006134437751877522,-0.23076042250741186,0.34010692603636444,-0.1020656683848744,0.13045430909924652
0.16245683496581456,0.29659027309630565,0.25048570612712723,-2.499191642622323,0.3112807313752101,-0.8797960894228259,0.31140737504367294,-0.12860096833258625,0.48427211841633855,-1.5663369880164595,0.2506464942380496,-0.0970028161045486
0.013750484099607368,0.11226218070040328,0.0044595393541482205,-1.206888151085057,0.3156588963949866,-0.27129600573088924,0.016638685788056756,0.24784944984304766,0.16886161920392478,-0.8104419493249989,0.3648646537843612,-0.10662531277558387
0.09674767744207198,0.18900943800229802,0.0057312272184412184,-0.07123814109451665,0.1571533674856475,-0.0434024728381627,-0.2138173555713557,0.08368134341327492,-0.1313232127095257,0.03229470163317801,-0.12562092665423594,0.18874043980857483
-0.14990350892673537,0.689580639277989,0.3297979478287264,-1.4330673665137539,0.5604243702296362,-1.1668246826072626,-0.03674942694372772,-0.19364866736309672,0.7268632234821116,-0.9201765737220229,0.7152762656468057,-0.4535266746915235
# Weights from hidden to output nodes:
-0.9477137171249203
1.8802285135462635
1.474807769928949
1.912531841227604
1.1079981983243272
-1.374142402703442
-0.537201503309461
-0.5765304511337833
1.3378410117003878
0.1980477319099451
1.4523497645029728
-1.3987934925800078
# Biases from input to hidden nodes:
-0.03853313347247075,-1.0432789647967124,-0.5454022002888715,0.7599042431257238,-0.5614952694874515,1.0759098606701922,0.08315422389071062,0.0537196487672277,-0.8263071653313053,0.9069641569944413,-0.8941442631804042,-0.00507307217074603
# Biases from hidden to output nodes:
-2.3719264306341326
# Number of epochs trained for:
2500
# Mean squared error of finished training:
0.0019213896080482944
# Number of backward pass calculations:
11444576
