# Weights from input to hidden nodes:
2.832476283854423,-2.7083263668221633,2.120655937675392,-1.9783342366845555,-1.3469483943432694,-2.641444435105716,-0.678525233186449,-1.0862598096229137,-0.5532696762411562,-0.08901589462051812,2.469818929618429,-0.5811079661702069,-1.5492504301106975,-2.595120210330654
-1.685875722837336,1.2065322284267994,-0.7406638177540391,0.24772802331090327,0.31560957553661134,0.7897899744237062,0.011955567236962592,0.07215358565201346,0.17773961611291633,0.1432217808821051,-1.2369283089474168,0.24136685263301833,-0.01834185908489577,1.0046992603899003
0.06205791541129363,-0.619383270555501,0.21192176752559452,-0.3363823922287249,-0.49764410250723873,-0.49547317563043286,-0.26368686005058867,-0.1297201273973721,-0.13216944023492905,0.06650856706244777,0.10253906280716152,-0.4285692194247908,-0.4217234183516311,-0.4064500535755332
-0.39057654529598124,0.05053990250379287,-0.13627011346940723,0.20846858592205272,0.10016194978037164,-0.04458936701006325,-0.09257468548708919,0.1794070440526164,-0.22707752863267902,0.05867857632275402,-0.04551136782318677,0.17805708195712722,-0.14994834525823947,0.4131759879953257
-0.05355367665670857,-0.9334158740775396,0.13170082778265035,-0.48468438073280734,-0.2993824239522193,-0.4455136379383605,-0.021150747253672424,-0.47654661647356966,-0.07268936038971853,0.0846885176161647,0.8084230908332908,-0.35166190948872184,-0.3442420421663329,-0.9940162898884174
0.23428275888597574,-0.4995948864296357,-0.008601982739163487,-0.174982909529726,-0.34653000534890777,-0.2407672635071724,0.2609591059021586,-0.18282499912282998,0.0835234786955071,-0.03498096629459112,0.6729226361259054,-0.13839532472281232,-0.031583780730631235,-0.15545891673957474
-0.2590648166824745,-0.2811220709023049,-0.21906442391108713,-0.31639977976961325,-0.20110352744310173,-0.25038151991864754,0.11396556859491028,-0.21648101610502052,-0.15866143394317656,0.13599554746556822,0.19146749401463728,-0.2585625985477442,-0.1236870236026323,0.11307043044132216
1.1765959126350118,-0.8414733512606749,0.5303721613069516,-0.7701781166645865,-0.28137810307904676,-1.0744563742958122,-0.3953884369784782,-0.2721118964613718,0.09678839197415302,-0.027494762825652233,0.8356542134927512,-0.11424120378278865,-0.4877849704074865,-1.1587227475402067
# Weights from hidden to output nodes:
2.82070050970895
0.7383940904810521
2.019783992704111
-0.7549296801936429
-0.9621412767751018
-0.7940552722717855
-0.7626253749475427
-0.9874270419286254
-0.5740831442670281
-0.13812763010364357
-0.5701973693873831
-0.6617838804978375
-1.1255934989283944
0.8756817860056161
# Biases from input to hidden nodes:
-0.7938073743517101,0.08358933698549283,-0.5266430317369473,-0.0005132869895600935,-0.021675445037757625,0.31285895493993315,0.123937605139167,0.2145238701703377,-0.20962511279031054,0.06397815347543258,-0.12380507082448448,-0.17832873489353335,0.14360726116772882,0.17247757497830402
# Biases from hidden to output nodes:
-0.5903073739114711
# Number of epochs trained for:
4500
# Mean squared error of finished training:
0.0012776756388925
# Number of backward pass calculations:
23765280
