# Weights from input to hidden nodes:
-2.3050170808070503,2.648319591750245,-2.4079519318467604,-1.9244020035418077,-0.3424840074051717,1.1107230792618625,1.7796099139957418,-2.230856704033095,1.0537149537474073,0.9466958138876981,-0.205518587899893,-1.8666102799524866
0.35220609515865337,-1.81364219979669,-0.0316664015555016,0.36191668774651636,-0.30379689962896095,-0.4723480744088079,-0.9599722036520443,0.7590235565355269,-0.6716897840326682,-0.7310858211403385,-0.245540472375359,0.12477888937742636
-0.6962850009061523,0.04884321288901385,-0.3449761476235489,-0.4040455562414638,-0.17405655270759476,0.27867512731201294,0.3812332501570707,-0.24233201576493243,-0.0023520928717964064,0.008865389970352107,-0.35709718537156643,-0.4789729995792145
0.19702595349902485,-0.5651102566963293,0.12300680810968227,-0.0764072871670709,-0.19798363435952746,-0.0985641080063712,-0.2850956788295352,0.14286044833342648,0.03796546996039237,-0.06725489626561684,0.11089700067359325,-0.1120087859289766
-0.5134186192109823,0.06402099621750314,-0.24754573561769028,-0.5523838050111264,-0.15411240085162864,0.2062113258174307,0.19678292131738756,-0.9250546477170581,0.31709272167898,0.37462347363484727,-0.08711043442225988,-0.5944463243389024
-0.28723002762224487,0.2882978182248255,-0.23335401596508312,-0.005697261173081284,-0.046864304478467844,-0.14007298635902785,-0.015686045865149115,-0.46556369309138274,0.06288203367860308,0.2928229885139718,0.25311807876788966,-0.2987747951044469
0.0774105732514534,0.07224830431274389,-0.0457618678814886,-0.2464564887615986,0.002313096483271667,-0.22642146564155435,0.05414631576988012,-0.16106860297400852,0.10584960471110019,-0.21510630992541563,-0.21017844825420814,0.08433510180824766
-0.7413511092647083,1.0679430381397579,-0.8377857961693873,-0.6269340752723994,-0.09632104467212751,0.2180337510214731,0.41920169210075986,-0.9771324462147751,0.2019351704660065,0.5778373597190655,0.0017108132232660045,-0.6194153471498215
# Weights from hidden to output nodes:
-0.6673777705933259
1.9621996314546593
-1.1192850221780464
-1.319787416647337
-0.7285128358682452
0.8539788344465773
1.4860008239619429
1.3317004256014247
0.8558647350953227
0.7869319006822902
-0.5885180823662223
-0.378826727013388
# Biases from input to hidden nodes:
0.39158164200821016,-1.0044324364636739,0.6413701922371317,0.4638999379259889,0.08177932685194433,-0.2958555786624,-0.697481658276233,0.0687134701201907,-0.48452364951192267,-0.298380640960865,-0.09430635558479247,0.19528222019027378
# Biases from hidden to output nodes:
-1.8806949943470024
# Number of epochs trained for:
10001
# Mean squared error of finished training:
0.0013977694059027796
# Number of backward pass calculations:
45764576
