# Weights from input to hidden nodes:
-2.1624720650871017,2.7432961549045434,-2.1845366358595393,-1.757265042002914,-0.034074297459807286,0.8731829843828888,1.645599616958342,-2.6826885017739626,0.8245574604616172,0.9053739481244587,-0.12484280450950866,-1.7380712141403982
0.3246860656649903,-1.5266388219128064,-0.07806208773974674,0.3695632262446486,-0.3916933416664532,-0.42587726152239114,-0.8259759787411227,0.592463083602346,-0.6093281581048031,-0.7041677572187599,-0.3054484294712861,-0.007227183107499368
-0.8446374112396197,-0.16197825325338533,-0.5689599507117853,-0.593052245449809,-0.17909583784605768,0.19247870602022216,0.2960966843586115,-0.3379278433903994,-0.07452534853034687,-0.06444241195295902,-0.41168060994647493,-0.6168047889209096
0.1930381920279666,-0.32244205700841405,0.12837888298695668,-0.057656516728878525,-0.22366139008802388,-0.12930745994283038,-0.23887073864235936,0.06480508718740127,0.02855002775719349,-0.052495508573579756,0.07667568118151032,-0.14648108675627877
-0.31131861122565063,-0.06637843582585339,0.012207811201263305,-0.3368746767840758,-0.0938943032315315,0.08282700933041232,0.06449380017438942,-0.7606368313649384,0.21255782468020062,0.2738749242228249,-0.08657657829909694,-0.3766888793231349
-0.2891184405888694,0.13460198216779765,-0.24085337212124192,-0.007174886953953784,-0.011272569486196407,-0.13606567379179937,-0.04589932455152733,-0.48368513502977684,0.06044939856116412,0.26163791180763174,0.2520430522396226,-0.2961253554645525
0.09131815157495535,-0.1824843386953439,-0.07039350316079121,-0.25684424729673283,-0.007128653880693275,-0.23195168827110668,-0.007694494212956441,-0.10519801157144508,0.0745448384570871,-0.2795282150547033,-0.22820470557339895,0.08380514328090133
-0.8023387786152762,0.9055723523009324,-0.9204482685091903,-0.709463932675595,0.004661256135558021,0.20067743910230829,0.3907706199515081,-1.1136670241683422,0.16090574799905155,0.5640893073540513,0.023512277360233508,-0.6509720186058198
# Weights from hidden to output nodes:
-0.7194468401788591
2.3377769071971857
-1.3078267685551728
-1.2420309938019611
-0.33533912364946444
0.6453924549650034
1.3867994638936294
0.38177560132119315
0.598097002328234
0.7847892761467296
-0.45934869203156825
-0.8354065009715286
# Biases from input to hidden nodes:
0.2773257061804624,-1.0185429288056647,0.46961848251793303,0.32251420637637623,-0.05754314510661366,-0.2580865573376789,-0.6399270367156995,0.19088915319305988,-0.4332499587979355,-0.3214316969075195,-0.187936562086973,0.10258658489485599
# Biases from hidden to output nodes:
-1.5793776824897094
# Number of epochs trained for:
2500
# Mean squared error of finished training:
0.001300306588821867
# Number of backward pass calculations:
11444576
