# Weights from input to hidden nodes:
-2.4370781657985665,3.1064819844045304,-2.7275149296174224,-2.5206848092587864,-0.9429159198193693,1.660079309247695,2.449163368396438,-1.236450062440107,1.5557516732474532,1.3294040461837222,-0.6676521982951102,-1.886394141369977
0.29734542158595023,-2.14795633734544,-0.12181640712113907,0.1814437276080148,-0.482586342436687,-0.4920408049066095,-1.1288690468501128,1.0348217474040977,-0.7666469002934267,-0.8714485562709704,-0.3947186462532928,0.1005622056230893
-0.7415937387654543,-0.001568311707185973,-0.40333447311287607,-0.49266451823193474,-0.2746597788062636,0.4189131993981903,0.4760616612613652,-0.049786458682911816,0.02680503777569173,-0.005728965261221125,-0.43910581390655556,-0.5088306830231643
0.16975030768960356,-0.7216120041811245,0.09501036648949454,-0.11484106745253088,-0.2799103874122823,-0.06950350026911159,-0.3327387588396197,0.2205389458424502,0.01787807775667979,-0.14363440693893265,0.02720394780309185,-0.1321340521551741
-0.5804688323123987,-0.08114276910157424,-0.3950375381400148,-0.7953290040714577,-0.38923287187533556,0.2951369451745117,0.19325742562182377,-0.5705936512644616,0.3576179912012106,0.37666346640074877,-0.2684190301973963,-0.6164523082964541
-0.29913911067180293,0.855332490451295,-0.25309000474643334,-0.06258143155587381,-0.17544736400733585,-0.2765712042166923,-0.08507720314786708,-0.4098695297657736,0.038589071410608196,0.3798073585005254,0.13847708065690278,-0.3027334224910252
0.06787364131030282,0.511080522147761,-0.04451062146448004,-0.2630645201308699,-0.0834269798906054,-0.3591579576835714,-0.03406514556045395,-0.16547756718913156,0.07434361418468417,-0.17572291346052052,-0.29791229188226037,0.07575915069684187
-0.7753116384209158,1.9066121383600865,-0.8979903766187258,-0.7478965362612509,-0.27281265338004523,0.16725980788000278,0.5150668696864099,-0.8077639135052855,0.2964778446952695,0.7814190552509757,-0.15341646844644113,-0.6322341391439489
# Weights from hidden to output nodes:
0.3173515235459519
1.4723808108687124
0.3334995367697117
-0.3015279954881189
-1.2553999873171782
1.2632789768082264
1.9524782977297277
0.8123605315398433
1.1770682925527411
0.9286927371255743
-1.1710572889659339
0.3323433899750767
# Biases from input to hidden nodes:
0.44146477723949257,-1.3251506136610411,0.7842542415275188,0.7253320823172458,0.23448582552785752,-0.7217139124111317,-1.3531644968076015,-0.24492823687492943,-0.8999119698835103,-0.6419796639346618,-0.00338238637892174,0.19129135740102177
# Biases from hidden to output nodes:
-2.9022858670099767
# Number of epochs trained for:
10001
# Mean squared error of finished training:
0.0013646079189325309
# Number of backward pass calculations:
45764576
