# Weights from input to hidden nodes:
-0.26426338648355563,1.2421765731777248,1.1459440869250102,-4.158010661888586,1.027589639862504,-2.6695143073261627,0.01345005500595194,0.10532122470296941,1.8656474224691204,-3.4111488735226323,1.0844985852174456,-0.408154919512963
-0.04789687792003028,-0.775088781309339,-0.659849795672193,1.852151622363391,-0.3144591162956227,0.5752956492617844,0.025109033733594896,0.23162220058503188,-1.0113600125208921,1.3686356498682497,-0.6144903403688435,0.3715527819488006
0.08069598187431216,0.21348790198918227,-0.03872923225359128,-0.5049489190894945,0.059166629225934825,-0.5687239087830651,-0.06149284228156836,0.036518305526335615,0.44421123438023014,-0.3384344895150408,0.3136965984148699,0.03411055629480121
-0.034134000715194374,-0.19213059022857723,-0.2534052630576464,0.7314072831715686,-0.2569928161037856,0.2791397348655611,-0.23426772802164336,0.03722085104644464,-0.12245583038739717,0.3393632637887145,0.0029617838384248018,0.1985824458984611
0.08890205326571768,0.6323963099954818,0.48059729494841225,-2.4079885906251604,0.49023368958755603,-1.0491365101697276,0.2529332845548913,-0.19020746864053342,0.765466189131623,-1.6159457188442632,0.5021762889412832,-0.2029302035437863
0.0380561959632505,0.1334178068093228,0.029431783209889435,-1.2444837341334645,0.3137947568133296,-0.25057603683374513,0.022491712491157858,0.2581587641153656,0.22120341018537493,-0.8201134816887192,0.3797617092460279,-0.08950075327700775
0.13350971283675428,0.20355212886801524,0.022106243321941707,-0.07723365114506879,0.16307186074421479,-0.0231062171379886,-0.18810498793373598,0.11271268940109089,-0.0914628962101536,0.03530118091583873,-0.10820338542701001,0.22725643180411118
-0.08727170826109029,0.5701424634250374,0.2509793045865495,-1.6008172447344686,0.46760658581821907,-1.0032957550578432,-0.0193284448407031,-0.1632883319768817,0.6722763235545025,-0.8964462364936668,0.6218210819807188,-0.3793357413977276
# Weights from hidden to output nodes:
-0.5535913600090626
1.3230016438896612
1.0472821898924007
0.46130606683468134
0.8196029529754657
-1.9337119647785177
-0.3149894406851572
-0.4308546218731405
1.2114239608945903
-0.8749823540626764
1.079619951550752
-0.9773073398240745
# Biases from input to hidden nodes:
-0.07224970674463498,-0.620583890167704,-0.22599422937527947,1.002657594925301,-0.29028244504913,0.7298351173910517,0.10022819474804076,0.05682407711246655,-0.47349856496686277,0.8012445348140499,-0.5639757284167077,-0.08742678539792381
# Biases from hidden to output nodes:
-1.7002853304414647
# Number of epochs trained for:
10001
# Mean squared error of finished training:
0.0019334899721366282
# Number of backward pass calculations:
45764576
