# Weights from input to hidden nodes:
-0.3216429910826034,-0.051019460672854754,0.014811634638492598,-2.6166034727571263,0.11991559148857732,-0.8559854389216804,-0.597457702748459,0.31979960068210955,1.1162432970645928,-0.8378100376848168,0.0005425818840915416,0.7179077725017725
0.06210654603198328,-0.16797699922271947,-0.15684802989427332,0.6672323247982977,0.11179959358606986,0.010071589445377737,0.3387517934456469,0.2757402940172773,-1.5424940776244063,0.40046411763496154,-0.1329346360694639,1.144725043719369
0.161619487302394,0.06954871674682321,-0.17193247663665803,-0.48936905708867506,-0.1210908640838148,-0.5249366183134223,1.0673190919053062,0.12254154675117553,0.506781685104946,-0.2073060405704442,0.1926061006178876,0.4615979333169065
0.02390764012985064,0.07738510562454913,-0.008610235653786916,0.19238549108177988,-0.14267843280690545,0.11477774677908303,-0.04057718600313559,-0.06479600036911648,0.5175772513014185,1.065268504453251,0.17489185091271844,0.1186162827155498
0.08632264633765759,0.13836361803307567,0.1211503035143929,0.7341324986182598,0.03987810040232274,0.07021443745153656,0.07634203726665605,-0.32651735795143466,0.24459526402363233,0.13695165137990636,-0.030981231186727146,0.23284720365975872
-0.047732444571677704,-0.13251359489971223,-0.1755792795072427,-0.02870356782439217,0.06690498559265128,0.3435758975841661,-0.17999814229703148,0.15004998245082293,0.2563782464274614,-0.42712452585766036,0.09386166911165482,-0.27283405859138704
0.019544442139030362,0.2386581177309783,0.06232833329691812,0.19598651422092836,0.1957823824958674,0.10968625825509454,-1.052680372598659,0.020468018753137647,-0.36419895396629937,-0.7843343506864529,-0.11477772082875487,-0.37467750122864946
-0.2354149329564016,0.1271189782863376,-0.13686151081439807,-0.5120553639953528,0.1927962034841242,-0.37588200001449,-0.5172443839952277,-0.15045853156182068,-0.5974166528485992,-1.266772672659046,0.2398748631392444,-0.2684248650882917
# Weights from hidden to output nodes:
-0.053585624664745556
-0.007176659107635099
-0.07763709787240557
-1.7335918613843517
0.03512063362105652
-0.38919631146348316
-0.8076309407896024
0.12250256033091528
0.9574265487320449
-0.6394687048497933
0.07374546926811124
0.7270065686357731
# Biases from input to hidden nodes:
-0.0381490643428931,-0.15760985938298144,0.18051820106526287,2.0422433745215987,-0.03966982009453756,0.5158050538629281,0.373427536567413,-0.0691659102713641,0.5070079612727628,-0.19746467777268453,-0.23747518345486995,-0.16763515721650746
# Biases from hidden to output nodes:
0.08602161112047621
# Number of epochs trained for:
10001
# Mean squared error of finished training:
0.001394308580041071
# Number of backward pass calculations:
45764576
