# Weights from input to hidden nodes:
-0.19619022692191873,-0.18391734061244033,-0.010069059036806535,-0.8671059437669901,0.04204279616548922,-0.9236989835249221,-0.13179185725227985,0.5039486036414432,1.108823731459824,-0.704251236845783,-0.2020482459361472,0.5622394489922413
-0.0038744287489583446,-0.14480656335024528,-0.10802536743285593,0.81213821599375,0.11266916281848526,-0.0036687335138005186,0.13512873064659742,0.23279943170060816,-1.0304288937097486,0.2754702236991551,-0.09922441089794053,0.6575630401976259
0.09187458040966454,0.04217909176272084,-0.11186823928045897,0.31818070977178303,-0.08203871074565451,-0.09073803729888982,-0.07742824808481388,0.09445842753632698,0.14081001444554758,0.21957241822258003,0.1157271520980426,0.4283975166515642
0.02388264809027959,0.12690261614022122,0.03935509725778788,0.5649883461152103,-0.14699213861695296,0.5579958874338482,-0.10132526846166616,-0.27518419892936646,1.0473071996372871,-0.22570743759780082,0.2508447324966363,-0.25472718825136575
0.10393701028880231,0.19207007267825277,0.04577609281123932,0.1592804788125903,0.060264728253762286,-0.14120992158990991,0.17599651608680278,-0.3129300880610553,0.05166526493612858,-0.032734543770034354,0.059154626717696786,-0.17456445455574646
0.010485974596393874,-0.1399474781829125,-0.229571731830922,-0.23931288129342,0.05425405082724014,0.04502180777875491,-0.0440675984082616,0.22168601802553745,-0.010019855577130574,-0.12396560299822006,0.07972243276166131,-0.06996093598333211
0.11614206860096907,0.20297165121866687,0.04479143485348412,-0.490529016954344,0.13271117104698463,-0.046092773596288925,-0.20411644119836714,0.11722908013023348,-0.43082743843161825,0.0655192759208744,-0.1367717889534565,0.2676394429620786
-0.07930865371548415,0.05721351716675135,-0.14296833086249236,-0.9596487953866015,0.08014645510647646,-0.47029130628347515,-0.08266878466653105,-0.032427171943965036,-0.3605276812931274,0.13964273973172897,0.12496227681410052,-0.010250991702474418
# Weights from hidden to output nodes:
-0.01359015398163237
-0.011770465770011626
-0.031473457986819775
-0.26842530307567913
0.0212947217657747
-0.23074238426828042
-0.026761764070168996
0.07534853410320547
0.32991975319419525
-0.0530320262069756
-0.008525111792649108
0.2261317362385839
# Biases from input to hidden nodes:
-0.056915094761839424,-0.09602408654185274,0.2213443010952445,-0.22866892718883847,-0.06046599072299771,0.586794813050261,0.16842593848819357,-0.226596720151196,0.015587343968887427,0.14755619450744492,-0.148596718282567,-0.45998968793923095
# Biases from hidden to output nodes:
0.2769663251522072
# Number of epochs trained for:
2500
# Mean squared error of finished training:
0.0009319784215665899
# Number of backward pass calculations:
11444576
