# Weights from input to hidden nodes:
0.5751165814481448,0.18571151868611735,-0.6409877410396546,0.7299337460996719,0.5895019365519975,-0.6662284640612088,0.35559448978667035,0.09996055277135847,0.2633436500545042,-0.4506457471641257,0.20531077519215882,-0.010429951462971572
-0.33427515764021476,-0.12848700826417078,0.4727186703108324,-0.45618070416785156,-0.40075087385376024,0.6224454304828647,0.04415126681020783,-0.24375586168555743,-0.3724422705272736,0.12538982293061485,-0.3940039393555625,0.24297699411577417
-0.24222155530743572,0.08967199605614874,-0.09661937429337182,-0.3204968497840479,-0.1709941988762181,0.04916987885559805,-0.229799459672588,-0.20936381326867604,-0.26539805640596054,0.21274601390562065,-0.05425198981580317,0.0111085569409471
-0.19904270975537328,-0.08457709906137982,-0.16026202235098558,0.10276020769661048,0.1696358002866458,0.15844949009852874,0.14586184925271992,-0.012805250817406764,-0.09337828277750099,-0.20112516018228108,0.20470074688553122,0.24632398744485645
0.41220960133166484,0.0884898935975389,-0.530527330125022,0.6707890123457207,0.31166984570851464,-0.5538537390222328,0.2275806947943774,0.19302157644829773,0.2985281811947141,-0.5055210190684942,0.0024313755015542412,-0.245188664593785
0.5622407820162649,0.07074227726974569,-0.3924197789929791,0.5345154281164988,0.4456610598918312,-0.5122662147897538,0.20738684652057898,-0.032370761171253655,0.11439858092632793,-0.2852591395577808,0.3996655339262149,0.0032705277284419206
-0.11427286738009317,-0.17954790509429122,0.007242760735665149,-0.037176008078748365,0.006660107593544156,-0.005741746277085671,0.25868821731597846,-0.1918600885147029,-0.0819484628509434,0.10172477949283432,0.17774392598916686,-0.2158934795710926
0.2085245724753235,0.32432061066684514,-0.47582982207029584,0.3275818725936464,0.10716739485090676,-0.5312130482229804,0.20208640849858567,-0.2032952430727637,0.3644839423160636,-0.3064386898332707,0.04825641537622325,0.02162968548355849
# Weights from hidden to output nodes:
0.8440142679916668
0.17552172057027235
-1.2235007944848006
1.1002033400008382
0.7508180605002687
-1.4110251101700528
0.24005591848982005
-0.025797583378788427
0.4421882956531302
-0.8786411519900367
0.3703538141203054
-0.42020987920603714
# Biases from input to hidden nodes:
-0.19072115671121392,-0.20894421408087555,0.030116981715177116,-0.23800656480135582,-0.2691423694539611,0.005901633320665131,0.12056091165068435,-0.1537365414376807,-0.10160140327938841,-0.06922082481695838,-0.08914435286077521,-0.17236721960075693
# Biases from hidden to output nodes:
-0.5153674617930531
# Number of epochs trained for:
10001
# Mean squared error of finished training:
0.004755581150957256
# Number of backward pass calculations:
45764576
