# Weights from input to hidden nodes:
2.995955550073361,0.7740871120709119,-2.416081314691253,3.447709157794571,3.210604243558291,-2.589977118659776,-0.5623444531978747,-1.67092738918446,1.5264880769444324,-2.482296229982323,0.8143878644230765,-2.202331994564061
-1.4157356340118727,-0.3509221511905466,0.8955628209904799,-1.448509265977618,-0.8971315648611662,1.1703254298813812,-0.2662269423437584,-0.4935744167375982,-0.8575665417477273,0.2289818638398608,-0.8203089322451157,0.2536774518860491
-0.13178250612958492,0.18325249890391068,-0.7973962748981245,0.07406776072415767,0.8867985987553664,-0.6042872805769878,-0.8974313184677172,-1.355062206017649,-0.1073267272782473,-0.8535268541589544,-0.08598664174785045,-1.2026666853461323
-0.9670192579244956,-0.4319548771402461,-0.11286971406493579,0.2713686798864462,0.40683765102351843,0.2376534296107895,-0.05682873707523975,-0.029018746057823237,-0.4860044421801274,-0.13270012409071677,-0.13259340419248036,0.26569475418915195
-0.2284642214177127,-0.0580640054012488,-0.5070779400007018,0.4177476856065528,0.3622514925724632,-0.5766382261287799,-0.22793832752250529,-0.2655525036357132,0.10035156761430003,-0.6155446099536106,-0.19144779107303525,-0.5647776609014242
0.9261458745917875,-0.07633958719704469,-0.09238083578499437,-0.13985495058109854,-0.6012214400766682,-0.18197976303301228,-0.13261977931685498,-0.17465351139608004,0.10576737437758177,-0.11066606111287978,0.2557191468049923,-0.00253641040173845
0.5372460835819255,-0.24887527987828634,-0.017421873344623764,-0.2199580482496411,-0.4817664216843527,-0.022487601254500167,-0.12234988240708787,-0.5020359917436654,0.03971698450618645,-0.04347822264792819,0.09300459813738837,-0.4544335256128452
2.059015857978765,0.4438004641287126,-1.0552256116730976,0.9230108209938145,-0.05990781776621582,-1.1265161521943206,-0.2419860747918775,-0.777495047545888,0.9665606073938636,-0.9911651563019372,0.24812098974196545,-0.7483769512540163
# Weights from hidden to output nodes:
1.919323333952336
0.5613826372818308
0.49105853096021806
0.9880783337372014
1.9237962747095572
0.08557327545074045
-0.9556949600761115
-0.61336259295923
0.7536835944125235
0.6135263654733762
-0.047752597054639426
0.46758556415274793
# Biases from input to hidden nodes:
-1.584564936195427,-0.8457975436536238,0.35101634567101253,-1.6738662868477296,-1.5499912104941276,0.3008147116616923,-0.23041161214876185,0.026935567743954454,-0.957361412058254,0.34728152954941915,-0.7947289930999724,0.22645248044433142
# Biases from hidden to output nodes:
-2.7957289835273738
# Number of epochs trained for:
10001
# Mean squared error of finished training:
0.0011657514800415476
# Number of backward pass calculations:
45764576
