# Weights from input to hidden nodes:
-0.359500630736322,-0.029370443949364444,0.10036620880630624,-2.587255897546505,0.0645338424703882,-0.7521065241947148,-0.5908109507016198,0.2589866607276417,1.129120476634765,-0.7199315203983466,-0.014549037544724556,0.5308975580237058
-0.0314237224787152,-0.16568805187079005,-0.18606783981635347,0.7661238941471967,0.17482608302811833,-0.12820308418911325,0.2632692260148034,0.36518587798299185,-1.819141218685087,0.585056480423814,-0.12722363142710383,1.1093387263601109
0.27781391213245826,0.06216191528828537,-0.13908728552269334,-0.6829784753171935,-0.12653239720010012,-0.4359339681352695,1.3661878136122088,0.07242399546368453,0.6510707794899611,-0.01527784957683547,0.15886158630576647,0.6455532296146361
0.012046163533438561,0.07107551847427136,-0.03306131601235829,0.32867259762485823,-0.14070914624896866,0.10467316536248678,-0.18814692470904104,-0.07262808678216157,0.2841311417453709,0.52260851883078,0.18182979239692482,0.020289924604463813
0.06589269536700842,0.14365992171844907,0.11183518161428739,0.3184833409946,0.03649812180708812,0.07506866205254642,0.06646557302197881,-0.33300929887282044,1.1825791206776646,0.44584576413629756,-0.0016804190277275343,0.03633686086141487
-0.06223934528427674,-0.11812856104412231,-0.16802333459935118,-0.2074117151963213,0.04800519339517058,0.2588169979967583,-0.23035888021353737,0.11518643483750528,0.12903987551824786,-0.3296184412384185,0.11669976041597649,-0.4045428506881285
0.021628055618263788,0.26592258984767714,0.06647604950699224,-0.06726952684692201,0.15778293337348318,-0.03767410328965825,-0.9089842461361634,0.026351491665879388,-0.5306169068077453,-0.42078763760019927,-0.07742335851279665,-0.10736654876548306
-0.24543182970045893,0.14218215764932832,-0.09251319234024769,-0.26082929011809103,0.11882554413109231,-0.34391724998841416,-0.4081104606152796,-0.18228858381100976,-0.30840375029553163,-1.4011131179272724,0.23605523148824617,-0.27295118852005384
# Weights from hidden to output nodes:
-0.0183879597171434
-0.03300661362741145
-0.07956622919498722
-1.8464948963895667
0.001176151163852886
-0.31808490005881146
-0.7707774912517621
0.1419677200702432
1.412360828540396
-0.953963536867427
0.030028922985560594
0.7281446763342899
# Biases from input to hidden nodes:
-0.016329068082389483,-0.1527346755262866,0.17349799659650983,2.4581180347382734,-0.05306876281520411,0.6624480492189216,0.3006606757837221,-0.09712737444372008,0.5319326547429944,-0.4810378249688357,-0.2315407332334286,-0.14809749959051788
# Biases from hidden to output nodes:
-0.31819112662345084
# Number of epochs trained for:
8500
# Mean squared error of finished training:
0.0010329399218972492
# Number of backward pass calculations:
38900576
