# Weights from input to hidden nodes:
0.12807228055169462,0.040694131211234996,-0.11819829223870504,1.5625488964438081,0.21773747454550071,-0.9012290151723076,1.0514083503045748,0.09949785979503206,0.05344970006928024,-0.09359424015982432,-0.05308600711134277,0.2174687521121144
0.10989300330804336,0.008519549469818977,0.012773489054076215,-0.3636301698401111,-0.01673235640716891,0.5074217754017273,0.007708159652007479,-0.24026779102623874,-0.16244978306193703,-0.19456568354516035,-0.15535052493510182,0.3858911876262625
-0.18173145419638964,0.11151610679568247,-0.08984955144935264,0.4961828658596099,-0.14924958509772004,-0.2607675368615079,-0.36764486464272034,-0.20612431776218615,-0.24456649630634109,0.2171528595793148,-0.031160559265578043,0.21106278766755965
-0.1697403413730239,-0.08064646618432936,-0.16121091935045828,0.23245054832156864,0.191030609881395,0.24772648665735167,0.07420130252214022,-0.01092701914837868,-0.07782257377767932,-0.20556372413112056,0.20140976661957208,0.5948082781004754
0.017648203208899538,-0.04021017626593526,-0.06826468978352518,0.07937751904600256,-0.020916594189574384,0.21183096433224502,-0.05373307841078687,0.19269156234659823,0.11376051104619544,-0.19022203140475058,-0.22642631653581932,-0.00015677461361900558
0.14029841560764067,-0.07436698952354015,0.05933275110205821,0.2834777247973002,0.08928869081211374,-0.060512733537625055,-0.057599000189636124,-0.03437058867792542,-0.07506395905018892,0.020711084648512346,0.14534624129578963,0.11190665206321812
-0.20952530354337534,-0.21726564152217642,0.11558417850888575,-0.10027438609012819,-0.06261231490347917,0.1561113467467276,0.7517250123363282,-0.19173953003938582,-0.1214301183757876,0.17253196967433054,0.10807929347982023,-0.6755112645572234
-0.10226274792291606,0.21542554486401222,-0.14478320895974411,0.22740984307048273,-0.13921060915213548,-0.2666546774870803,-0.001164655930076178,-0.2046975365297693,0.22666967048928166,-0.08316653499233789,-0.1426222356876251,-0.38596929681756376
# Weights from hidden to output nodes:
0.13837014433100167
0.04751454578007877
-0.12685226211872908
1.3099887679120643
0.10157062212802029
-0.8755923073605995
1.001479797892412
-0.09605195110302436
-0.09088969628922075
-0.08573213477583115
0.08710389252125812
-0.8975920313111216
# Biases from input to hidden nodes:
-0.08808808878756857,-0.18691867118388283,-0.03926753984954978,-0.6340679065904192,-0.17635745055293806,0.5731252949948002,-0.41160648714189146,-0.1507753412251857,-0.04874894395381468,-0.12328399577252103,-0.06361967847903685,-0.3397029339601413
# Biases from hidden to output nodes:
-0.48551333141330955
# Number of epochs trained for:
1500
# Mean squared error of finished training:
0.0011885936358021617
# Number of backward pass calculations:
6868576
