# Weights from input to hidden nodes:
-0.309602234251214,0.8113010800596042,-0.3903845877625681,0.05825439978603859,0.09427972391600695,0.35081681420593064,0.4897637087417929,-0.7530655511895378,0.1572870260196128,0.0790706871241744,0.009553666527262064,-0.273457203334167
0.18655657369231643,-0.7533841979847183,-0.1050236152957932,0.2745557755875221,-0.280983894511925,-0.3073047716794065,-0.5048973821692927,0.22038889102578146,-0.37023595643018076,-0.39955654313894307,-0.15087709628064286,-0.07779055009877586
-0.23610298801698823,-0.25884193446271303,0.07790067832092253,0.049573527821670016,-0.036251684039825545,0.10580308007645649,0.09552040487051726,0.2413101585109534,-0.1450302118495119,-0.14049583397377507,-0.262005147407539,-0.09238389393269295
0.20498638090967972,-0.21535596579288352,0.1886827078545701,-0.017333914005369367,-0.150200402744115,-0.06674011212608236,-0.15781188486775988,0.05649880392343246,0.08516334619111368,0.0263318446417782,0.15523047425450479,-0.1136131650467836
-0.21811865494443491,0.5426272494417326,0.10308919512920736,-0.13400560886435478,-0.041698766362669525,0.2321020891871836,0.36708203123164596,-0.5616382408623759,0.27955146810642156,0.3864427577857325,-0.0915521868193581,-0.3234930176403084
-0.3921076187905077,0.6278649668328916,-0.25827923426101024,0.07265963380653592,0.03507388859466491,0.02954670946941235,0.28631261562023835,-0.788726389088602,0.15701713266728087,0.37294360196102777,0.2743335755339897,-0.37634766232604844
0.022060030106935094,0.22784441382716958,-0.10218824034283251,-0.24241767344984905,0.06040343830905019,-0.08902825896535402,0.2611613674224615,-0.2860076781093942,0.19516667174773822,-0.14503808980048624,-0.15999281152292294,0.04244101992223143
-0.1924946144135901,0.33380940861188513,-0.3355140224896432,-0.05010758494641394,0.08949287389849325,0.12016443307762895,0.14689732669701644,-0.5874381420904728,-0.01139570611986896,0.30906741839186075,0.11793036714785474,-0.16623146199982045
# Weights from hidden to output nodes:
-0.6928135954010223
1.3337394830676945
-0.5230029930050626
-0.30137692135856975
0.07504324365970381
0.30841718426947634
0.722457860503609
-1.36721281344674
0.3430928539098255
0.5057829109598263
0.06317944010772915
-0.5830471058193838
# Biases from input to hidden nodes:
-0.0017087837265092718,0.032966444751074506,0.2227994907292196,0.09840387432791851,0.06362820349618285,0.05721522269079563,-0.04681606348454648,-0.09119798727003618,-0.10173775036382049,0.0856123223801659,-0.06650312314088566,-0.09824114802980759
# Biases from hidden to output nodes:
-0.4349774709179924
# Number of epochs trained for:
10001
# Mean squared error of finished training:
0.007567509575826951
# Number of backward pass calculations:
45764576
