# Weights from input to hidden nodes:
2.0213530294340316,0.6318312160795628,-2.5789074755683528,2.2477945056254445,1.8781093689278612,-2.7142725608076574,0.2953754090911722,-0.6012637188704373,1.1179520560050547,-2.297252312447077,0.8197479695809339,-1.7522233662984579
-0.8880936465533866,-0.3019298065939064,0.783450191370613,-1.0242786750806463,-0.824123979806801,1.037371151461699,-0.02965594369420031,-0.2501258664356951,-0.6929083936146432,0.2667852474848825,-0.6897447868059619,0.35522378104503655
0.0873555067837288,0.20468284536294953,-0.8655858565670677,-0.006331487007652958,0.18072889131394165,-0.6907129013634111,-0.31136771057564544,-0.600582518922654,-0.0782184577815648,-0.6227828497066671,0.059748246950473656,-0.7953732676248857
-0.4821456032220323,-0.19625895441343916,0.05087372097194872,-0.018733795405475095,0.0796633453730256,0.4164206459369991,0.052649761046805486,-0.07400166756606927,-0.2286585649869711,-0.035490250717919065,0.06893699216905784,0.31824856755069253
-0.02897908613006971,0.01017705030058928,-0.4464569651524737,0.21288392618834745,0.026500368551027824,-0.4893911392098548,0.1405082695627601,0.08723970234739517,0.13956666919639876,-0.4732384802761399,-0.08015764567249914,-0.3738653331555801
0.22751125598817734,-0.002179403283235604,-0.05221095704737003,-0.020015935421721726,0.025923730878380947,-0.11483994637779309,0.11721685886267655,-0.0546221553541733,0.02082334046648004,-0.06938031712804786,0.33869167475903256,0.05588658284827149
-0.15910298974973278,-0.2046728070081978,-0.02227700659303421,-0.20718117572025563,-0.13319107577981618,0.0008087202683055028,0.1828280159132369,-0.28579134461889383,-0.06367379043212215,-0.0003062793845420122,0.17145100295537438,-0.3662373531636019
0.7252932111037055,0.4601342159494922,-1.0300407364847655,0.6683626393424854,0.35781927595935575,-1.0865972166492652,0.12774593805488732,-0.447072307146022,0.703127154672659,-0.8834161275834849,0.27731971645862996,-0.5658011475416282
# Weights from hidden to output nodes:
2.050549271597128
0.43631521675205387
0.11963930251581203
1.8720747251014005
1.5619671750090638
0.5102330436616861
-0.22651534610561505
-1.0880337469831523
0.8765857729503723
-0.8446947456599667
0.509152275913679
-1.3141756430180742
# Biases from input to hidden nodes:
-1.202623184796191,-0.5122797001064251,0.534063167468086,-1.2610881465934571,-1.0716293760797164,0.5261531868188346,-0.00873774696107364,-0.017902297164994915,-0.5883825838387275,0.4665374299297538,-0.4653395232344103,0.2968595508949917
# Biases from hidden to output nodes:
-2.269581230213123
# Number of epochs trained for:
7500
# Mean squared error of finished training:
0.0012422428042017275
# Number of backward pass calculations:
34324576
