# Weights from input to hidden nodes:
-0.2093483441827725,-0.1462439370061444,0.01153344388677614,-2.189580221779922,0.036084720950039346,-0.32641579109947666,-0.052843190802944175,0.2954945108826568,0.7017799287429483,-0.9125465989434892,-0.08657224509522396,0.4074707698384739
0.11033178872262679,-0.10802050520671043,-0.0498707141102843,0.5508026756716508,0.05317030815787637,-0.026223424573954036,0.8585192043441566,0.09094593338037303,-1.213545775624605,0.42922417209095914,-0.13319508928561613,1.0962933579391898
0.20006356819677046,0.057782626448923215,-0.08563246741302051,-0.4032585020133922,-0.13247668049158906,-0.22751834734594012,-0.031778876235440796,0.006379268827689403,0.3800012485752647,1.1731951029571146,0.13207593475140902,0.6365381834527671
0.03534436670057859,0.092392374965513,0.02104229557540815,0.6138882831642368,-0.147371429749663,0.17266879056261955,0.388856386653829,-0.08640157924576071,1.1133829905009212,0.09744215340660628,0.1788574242978143,-0.35341659005709253
0.1269946188617147,0.17453803339339538,0.09956418334293281,0.0013971894465332189,0.03290198909190196,0.048393947964466257,0.17267649249434758,-0.33950979384398444,-0.01033654703540455,-0.198741511443141,0.006992642167379792,-0.220843433406311
-0.055894487642635014,-0.13911585189596548,-0.23141243410452053,-0.14939251352083693,0.06956902917038921,0.2094158665943518,-0.3575907955415228,0.2074687769340277,-0.2548382399985791,-0.4408608711358341,0.11059695366644812,-0.2263605798083827
0.04876432462034366,0.22389380043427495,0.020079544333735745,-0.2212869174626912,0.16451209031591546,0.023052145212085973,-0.5320340103116223,0.10398649279983295,-0.5339486669827405,-0.33478473172730666,-0.09212227577870359,0.15379441185083897
-0.22020282218964005,0.07360197126328748,-0.1922996907116865,-0.587486496742734,0.137526596976465,-0.36444475431541973,-1.1480432509253304,-0.06099188383706138,-0.612646157721442,-0.3651696726162394,0.23113802247283244,0.031488240587155
# Weights from hidden to output nodes:
0.0061952569393755935
0.0005285258208310207
0.0026671522647090345
-0.554703806306287
-0.024281644768780274
-0.05688955758372388
-0.2405432413090501
-0.01844390537423338
0.36567766684587033
-0.333383131257358
0.02011487947420064
0.39309959884509166
# Biases from input to hidden nodes:
-0.1038899824043489,-0.12057801115414052,0.17235599965610382,1.992885322450749,-0.01743371750075325,0.2591288431700458,-0.4442375363466114,-0.08152130832489281,0.38603801391043774,0.2288481349246125,-0.1842393495834882,-0.3790090232895672
# Biases from hidden to output nodes:
0.628917799060553
# Number of epochs trained for:
4000
# Mean squared error of finished training:
0.0007937560234105423
# Number of backward pass calculations:
18308576
