# Weights from input to hidden nodes:
-1.5226040048657088,2.000940825933528,-1.2779707553615565,-0.7606426987204586,0.06422143116057805,0.6848712921362912,1.246610864528197,-2.397229173308519,0.588979353044058,0.6032502221737998,-0.026809119382211474,-1.239136025027406
0.43034273841365955,-1.1912031472810474,0.03716354837629338,0.44282686440241376,-0.2982292816321064,-0.38675793639826017,-0.7387034268656388,0.649514139136612,-0.5150498094947711,-0.5729867889289677,-0.19234830537720438,0.12375397310250986
-0.5325327837178236,0.08524404397068425,-0.1396265160042364,-0.1371973033926389,-0.04276862623116461,0.19461137355136976,0.29802778481943465,-0.2181648648371804,-0.03901046122885957,0.0006797529610326026,-0.26964654917242986,-0.3387809038171274
0.23576142392226526,-0.3324085961610346,0.19277555786456493,-0.003858461063701997,-0.14069775550457875,-0.08118763389362342,-0.21796932146991513,0.10462393352090982,0.07102825022833871,0.0009990009727744544,0.16630056113214514,-0.0886515449169006
-0.3951504039840724,0.5505619694579134,0.02483447610148705,-0.2647331110706297,-0.02808348229763242,0.2314148329325552,0.374688748120634,-0.9484611027340277,0.3386877104781206,0.46239619068803356,-0.0322092162485106,-0.4631109256829215
-0.2990177332555255,0.39666285139934504,-0.17835374471960957,0.08837752439216866,0.04992525088014268,-0.031839901057231564,0.1511607405016656,-0.6420174144784335,0.13307038687446737,0.3316618544165815,0.3181640097701748,-0.2970502821084502
-0.02355297719463894,0.18136738113610182,-0.1335912825894509,-0.28642051500881377,0.054521830236703164,-0.09816892946850773,0.23645047182147388,-0.31115072942187477,0.1963224461305481,-0.14493592670487504,-0.1658417542435572,0.007934145554895047
-0.43063336803848,0.4882254959806137,-0.50095550979166,-0.2380589739696923,0.07787684941957382,0.16016589414613264,0.2465886298431803,-0.8526367064731901,0.06540392076746666,0.3996331654771192,0.11024312414390076,-0.35203917820447145
# Weights from hidden to output nodes:
-1.429946283225026
1.6624383511682117
-1.370635105989276
-1.1045568945778916
-0.05909407945140666
0.5936069511464209
1.1990472769149647
-1.1475886845859526
0.6005272094605713
0.6723926485031916
-0.16776771499387813
-1.1202990931917003
# Biases from input to hidden nodes:
0.15052345910308684,-0.3351258622724984,0.3043244640571813,0.180870914033709,0.0603310884417965,-0.011853725208744417,-0.24586140506311271,0.1913600728393632,-0.19294581611994369,-0.030674880127655773,-0.0753435718249853,0.027182793770346256
# Biases from hidden to output nodes:
-1.0194363959980088
# Number of epochs trained for:
10001
# Mean squared error of finished training:
0.001622304303083302
# Number of backward pass calculations:
45764576
