# Weights from input to hidden nodes:
-2.0320552679608426,2.554009454296833,-1.982713658187871,-1.5322101184859656,0.12291704331725012,0.9167645804777292,1.5755459397857015,-2.5699128302471297,0.8656490852541692,0.8962617340293408,0.04252654945506613,-1.6099958543622805
0.3409024670721301,-1.4863307104538859,-0.061617695911961645,0.38301861765482004,-0.37893018980937776,-0.4223966455645806,-0.8117750503777164,0.5950116725908128,-0.6057221753436112,-0.6894249848569235,-0.28902565159563753,0.012906062702106966
-0.7409659536184533,-0.18471210057418153,-0.4379112291787572,-0.45618296758379884,-0.09108940105883606,0.21930340726610828,0.2819392457469373,-0.27775239758624254,-0.05244444382538651,-0.04798948800153412,-0.3205476082493233,-0.5186045242870568
0.23771738644159232,-0.31189759538903755,0.16776169142970224,-0.013632444527939186,-0.18378127874164674,-0.09110493567871969,-0.20833469789375567,0.0946233127516461,0.06238028496830257,-0.019764327485873073,0.11953255029037656,-0.10767392289985699
-0.22167942246000935,-0.05614272153956574,0.11677250619801892,-0.23176079152718043,-0.03771183001781826,0.10300290638042228,0.07501243569060602,-0.7374414713665286,0.22529805663200667,0.2915597654890918,-0.02526011650125055,-0.2969670818849124
-0.2506511500567748,0.124390926251332,-0.18874664392753573,0.04172943844837868,0.03492136141063895,-0.12352635256955126,-0.03392362203481007,-0.4661720079261881,0.0733576617003883,0.27486449775870575,0.30329432552470714,-0.2582591379283399
0.11205959227477283,-0.17692471667993273,-0.044974810700631036,-0.23181552066810318,0.024527655998112918,-0.217036589853307,0.012917742239050636,-0.09711236672628877,0.08840843091182005,-0.2619254277776165,-0.19410565387856651,0.10449560998788007
-0.7353991633778205,0.7961473881225302,-0.8211183489508519,-0.6071276532480955,0.0779033927171847,0.2129178127504687,0.3624290572753516,-1.0545294538623724,0.17404768117640543,0.5583961248848225,0.10338786150348594,-0.5887287947913076
# Weights from hidden to output nodes:
-0.9035558982672878
2.1790916571691343
-1.5159392932193825
-1.372938321117929
-0.12754288255454072
0.7098378682273275
1.2987416254129203
0.44037080754949587
0.6825938544272977
0.788941399686141
-0.2304696222226887
-0.9195320002415645
# Biases from input to hidden nodes:
0.29597346011471226,-0.8524658623413448,0.4552463239660876,0.31391068219203927,-0.02067011315645246,-0.18444284870964128,-0.5175100887889745,0.219704379526147,-0.3674075558344942,-0.23255566184771143,-0.15372920482585434,0.11061549472836991
# Biases from hidden to output nodes:
-1.4770986642067359
# Number of epochs trained for:
4500
# Mean squared error of finished training:
0.0012910995598140998
# Number of backward pass calculations:
20596576
