# Weights from input to hidden nodes:
-0.23251749522749535,-0.1743899384422753,-0.04649708736297511,-2.682780826289974,0.05690629076666132,-0.47369025996288167,-0.4507292260242142,0.3692408806869474,0.4333633493625589,-0.645950845581567,-0.0655171571382771,0.8161420091281351
0.07402685739628057,-0.11938499968722936,-0.08596449355078452,0.322175342114499,0.057204318448819846,-0.09981880453123844,0.49686411889601856,0.08832818630764203,-0.8918064368125425,0.19644521767076123,-0.07286300001703298,0.02625625283939149
0.08843097607052915,-0.0392383483127427,-0.21534042699870612,-0.3046727423231184,-0.08996863963062443,-0.43887816869433,0.5904157976874179,0.12043805592449101,0.5736681175023307,0.046629815684562675,0.24413311056096626,0.1735721145113605
0.04697057967086476,0.16519251042994845,0.03716465122435586,0.043444324956502134,-0.10362822278065051,0.2305729442855982,1.0064485874438673,-0.1259799547299028,0.40053927656365873,0.2025859675418507,0.1250223017389514,1.5109024996486748
0.13693551172477147,0.12287430987492523,0.011656380600471528,0.5161902487612602,0.001600493601714678,-0.07601863868438509,0.27861914159485446,-0.3612745058478167,-0.1497332520624742,-0.05773879067432417,0.10039002096790796,0.3036684391523066
-0.04341226129540783,-0.23849529102334882,-0.31760386197908064,-0.07027049482905999,0.01464106998082016,0.024176785402692892,-0.27931380680914497,0.2394875590428731,0.1722392356242701,-0.29199959372772544,0.2446127454524195,-0.798651386246374
0.09822536377476973,0.36878596997126956,0.2941787928065659,0.438349445969981,0.17524672309362174,0.3954945425346541,-1.6066469741166627,-0.004383091674283211,-0.4734634674071799,-0.023713355419432012,-0.353677573893081,-0.3664839190788575
-0.15693995603344327,-0.02040062913357137,-0.21702691268232946,-0.9550437935421445,0.0627664599700098,-0.4656001078448177,-0.47493012675258284,-0.05889251915704652,-0.006904410431682671,-0.1333222002534779,0.3015308447103437,-1.3370358211889597
# Weights from hidden to output nodes:
-0.014453068854023995
-0.06532394474874346
-0.0902427885605342
-0.5857854663111496
-0.007129897861954331
-0.15167795894536376
-0.4332099585196641
0.005566426945465824
0.17447759366675325
-0.04349046952821588
0.0970986809493531
0.26752526636658
# Biases from input to hidden nodes:
-0.05724664975168055,-0.05342145620344327,0.26422425141750755,2.163309027438984,-0.024273071000140724,0.36377677565544975,-0.17979218157603488,-0.12929134771950257,0.10440933539209639,0.2097400950583716,-0.29077264975805933,-0.2782077071517777
# Biases from hidden to output nodes:
0.8422902181833798
# Number of epochs trained for:
10001
# Mean squared error of finished training:
0.0016894715406152137
# Number of backward pass calculations:
45764576
