# Weights from input to hidden nodes:
-3.073687743221036,-0.5855327708969353,-1.289425894372834,0.8468127500675433,-1.426650453179197,-1.9446076209039411,1.398525215933348,-0.909214280404344,1.4338882350967728,2.2634386061875515,-3.3124856787728745,0.11599475827306052,1.0658181485395442,0.6101833665319057
1.5736025270857164,-0.020749088361754427,0.2478771681538395,-0.3755881591505548,0.29341974064779014,0.598675640240747,-0.8711580755559518,0.35838452352923184,-0.5649919170422523,-1.0790420751711187,1.531916864753628,-0.20192341146339934,-0.4510550714581019,-0.49550319551270605
-0.5014404010429883,-0.21707364838792206,-0.4839825893127416,0.18092311547674092,-0.5002518366101734,-0.6547375179284955,0.23853781119912026,-0.4583361243589023,-0.03391178507857294,-0.2796951279511924,-0.26323133836393975,-0.003248751207226465,-0.0793638021551986,-0.05882954634321993
-0.1099284310925846,-0.24718617614305421,0.15649487862857198,-0.09122843846214679,0.01956255285621254,0.29877284956106,-0.2305438056757483,-0.0811150735738065,0.13996319918207134,-0.40427696056377926,0.3852827295283723,-0.028050859323721745,-0.12575090671506903,0.16554609434437287
-1.5096037455859639,0.18379441128029064,-0.21450943377621956,0.26398666488381467,0.16288680346019954,-0.31137884028766605,0.07875358994469829,-0.17889874195748884,0.2621926938257744,-0.039152718838303895,-0.6390272839353189,-0.04054783197703302,0.06905955419561205,0.4294525383098708
-0.7954794756095869,0.03891385928307891,0.010882216851815459,0.0029964561506390535,-0.12601880865758147,-0.25972540824631,0.11398844756356867,0.15574454413639077,-0.06994357804542134,0.2472534570258706,-0.22534899252923105,0.12749056211015986,-0.030148327533173442,0.2754342427211173
-0.24000833201485824,0.03225971569355885,-0.18750405531962291,-0.2480850135551984,-0.06578146272949113,-0.024035206613602447,-0.060559485779974116,-0.21918995845999886,-0.12085217345156743,-0.26479955344347234,-0.07242244825070517,0.0024901055071280065,-0.01921578310510003,0.271024947219601
-1.170879520596439,0.08442151097712855,-0.544110986520871,0.487171529247814,-0.6335457866228456,-0.8685105996872381,0.6029645997703187,-0.3912674831574452,0.3051041249630254,0.5752458636522041,-1.1967425075938423,0.06320431748195797,0.39418490659126254,0.17835688693685764
# Weights from hidden to output nodes:
0.542075648777212
-0.8010619603103104
-1.1319785549947683
0.5225946526229788
-1.4473515998632045
-1.24096594211276
1.2797574163082575
-1.0793584770009639
1.2452575739439957
1.982309018281863
0.22975847047195155
-0.0775550993236541
1.0111235603691138
0.36462557719307337
# Biases from input to hidden nodes:
0.22989801418581046,0.12969660408177267,0.0476868319218868,-0.043811898121956044,0.20082495266922495,0.5304359207487236,-0.5044331047828275,-0.10378346214160851,-0.6084870555767659,-0.6032244967056176,0.3399144202209413,-0.1322205154203063,-0.5477346481234825,-0.18484630669859506
# Biases from hidden to output nodes:
-1.511419011053515
# Number of epochs trained for:
4000
# Mean squared error of finished training:
0.001241296710884436
# Number of backward pass calculations:
21125280
