# Weights from input to hidden nodes:
0.887430430174413,0.5305134006274418,-1.1843607464484711,1.669424796737655,0.9171892468629865,-1.2006044360033201,0.7909258278639857,0.012859972935667334,0.14031088447235537,-0.3842647279803773,0.5061757744094797,-0.1795141730319091
-0.1129436473672488,0.5837470126590735,0.29548380714954336,-0.3508207814542929,0.03695497686103585,0.3222119809554851,-0.13606478792991472,0.21809209745093514,-0.12050466075108775,0.06801726929432106,-1.4713258696495959,0.4263814786939226
0.18517384759094063,0.6779581791327545,-0.6917486387648835,0.20883173153024723,0.8008300274513114,-0.5260812082776725,-1.3133616279059106,-0.11385106881769465,-0.14500100687442985,0.033747042903232556,0.10002075840837713,-0.0932407983891808
-0.2217233551153878,-0.22272311018013183,0.010364617637575475,-0.2173941726941273,0.34738038134341154,0.3207827418143144,0.030060258607210844,0.9076408517231306,-0.03092617546547452,-0.19802439151515255,0.6899983248077367,0.29893101386341814
-0.1453156216303514,0.03130603834474874,0.19735945766650906,-0.22631604073140935,-0.13833451582140185,0.32498044132824455,-0.07456776707867513,0.26592698291658645,0.14725256949133994,-0.07804513182105363,-0.11304491725646433,-0.0734769128048824
0.15991160665581525,-0.23242354951068914,0.40489219562985984,0.30780906201166874,0.06586892099779647,0.2304963997229822,0.11622783881060625,-0.6930931668473505,-0.09142268274615951,0.12604643260175752,0.2482898065223066,0.005809340135864149
-0.3046693349864718,-0.5333010115978526,0.20390979969764544,-0.5070002439243715,-0.5895883861867638,0.21497565826090542,1.6708991911378437,-0.5915689737490708,-0.08544102783168527,0.24952907479938222,0.2528117015274434,-0.22478639160800418
0.13520451233656444,0.31678222630388597,-0.27696884435956903,0.42150095025170786,-0.5416171949702033,-0.315336197983216,0.12225439320656492,-1.7146274072566055,0.23898821110655488,-0.08287689111702758,-0.3216925213837843,-0.04301875001924203
# Weights from hidden to output nodes:
0.30866889641512163
0.6853239282161517
-0.57479197363925
1.0778146511690485
0.69496214486869
-0.5602922183974736
1.0783974149401638
-0.5891218536620373
0.010430580331389576
-0.12798997017651537
0.9156592206107351
-0.06086208367642197
# Biases from input to hidden nodes:
-0.5724153935324793,-0.15190572308457595,0.9882750656463472,-1.5306864956162012,-0.06125464113709809,0.9024266116903183,-0.523383491871236,-0.4944300571937696,0.0040379315601417505,0.11477892239226306,0.754627060084757,-0.16537711783064746
# Biases from hidden to output nodes:
-0.03113687087161954
# Number of epochs trained for:
10001
# Mean squared error of finished training:
0.0013881090327432105
# Number of backward pass calculations:
45764576
