# Weights from input to hidden nodes:
-1.4465034835408919,-1.6123467097628872,-1.7311651834883357,1.9364689327556939,0.7977667572717726,1.5001843542962598,-2.4190077559967595,-0.02073926319281937,-0.06869761496020835,-0.6676704269174766,-2.0002136658961027,0.9104099073443613,0.8231500631994785,-0.7905577776547764,-2.5283511052658794,1.0847265482853354
0.4841428058769675,0.334226927089017,0.29543573044914145,-0.9517646033028883,-0.5326500993536316,-0.9436895891667395,1.0321800995289143,-0.19675101041889928,-0.1792763209042527,0.11576265969663888,0.6561328363832436,-0.3824502422778844,-0.48678883664359685,0.10269649758152213,0.8145232297767495,-0.5073841794476495
-0.3363089884825647,-0.34810266182449207,-0.20121765417345575,-0.07886336120710617,0.12080836675373657,0.10488578623179945,-0.5129993450100988,0.07061061122643969,-0.02123342867936078,-0.276455140210515,-0.6207325029630065,0.2816408785667247,0.24499860580599045,-0.18095570213589307,-0.131704887350645,-0.21517774665661343
0.10223779922384225,0.3354068718765648,0.19681838533684257,-0.06620969478696079,0.024419343764681568,-0.4659231601292141,0.4647668852901013,-0.0654396355145051,-0.2642426895979628,-0.14260868954875383,0.039401546811953625,-0.21192651081542788,0.052282355086026286,-0.18585213402451087,0.09384224413191818,-0.40826724625811006
-0.2549151523580814,-0.48101843849013143,-0.21582826272568043,-0.10481276533120014,0.08939659574455734,0.10499981553478595,-0.8493946430212176,0.10378567293273311,-0.016963783384343924,0.027507467129398715,-0.23217759973800406,0.02845862882428143,0.05957183057867762,-0.13620583443557263,-0.45823559282464393,-0.2771836009197745
-0.1728500378419843,-0.16134249957044539,-0.19174270415311753,-0.12844311584078724,0.18966450229296417,0.07631740056174352,-0.3392644424856963,-0.1687710966511688,0.1009480760984276,0.001214425646790599,-0.23296281712885536,0.03423486920588088,0.021557443314191696,0.12683128726444198,-0.17573057983825688,0.20582543074337276
0.029548531840807704,-0.05842893400882646,0.17658848885295916,-0.09533994510869069,0.06337129849827876,0.07501345929287334,-0.1256935814082229,-0.18508646904995865,-0.14309379199202135,0.008171897491023258,-0.021950499058108284,-0.24182986090880726,-0.2765529111782262,-0.09431513235411662,-0.012762938808362627,0.05167959412666132
-0.5264283603335465,-0.655775775463851,-0.7698788471797695,0.7126225877088957,0.23943728413046572,0.515445383541428,-0.958386453516458,0.2053743923274483,-0.015036605821148488,0.0055548135108150236,-0.47339229610612726,-0.017774383511942975,0.01781422306309498,-0.4681854588182435,-0.9536534522221247,0.5548409820417163
# Weights from hidden to output nodes:
-1.263660333758345
-0.9215667029555891
-1.4726854240886527
1.6938158563968362
0.7194927970155586
1.2930123978815469
1.2621515042461169
-0.15535590796936327
-0.2494894565892528
-0.8663850999188928
-1.3391603367997682
0.695032868000802
0.6731599628963666
-0.9391724872024874
-0.32460165574559235
1.0367492497370334
# Biases from input to hidden nodes:
0.16257744153350476,0.2523206911147363,0.32539302102182194,-0.6449553655229079,-0.48648622861161755,-0.40327729961863185,0.2843379127998881,-0.08130248673112235,-0.22668744712004424,-0.19358996069563658,0.501913313027804,-0.14580865035887416,-0.2977050532996328,-0.07132148170364841,0.24231588159940878,-0.0952233500085169
# Biases from hidden to output nodes:
-0.9557313632367537
# Number of epochs trained for:
5000
# Mean squared error of finished training:
0.0012615616236122207
# Number of backward pass calculations:
29925984
