# Weights from input to hidden nodes:
-0.7588217107492162,1.039127729636145,1.5484552990714198,-1.368233115181064,0.6120453753780499,-1.3959410253638351,-0.18400450176070854,0.2970020967893145,1.9716993721465008,-1.2532845306683216,0.8966668810398749,0.2896018877105469
-0.4835299524925685,-0.5659205943718588,-0.6043563058082615,0.96650994602459,-0.20533672481561724,0.014879958162830434,-0.35016871305995356,-0.10891121159730238,-0.7327089067821386,0.850317288244626,-0.42399392784071027,-0.10127904055096927
-0.382815036818017,0.003964935367566717,-0.05570899628854069,-0.15340094172449162,-0.235890602743591,-0.48799032328837294,-0.43785389722410584,-0.24840821860714307,0.6843175246615438,-0.061186242669749265,0.13730251794177745,-0.13597131021961542
-0.5291213457408288,-0.2599418988585385,-0.3002937435577237,0.4871982623588951,-0.434831147900752,-0.034417869427800764,-0.6818391098739708,-0.3706460144649437,-0.025417007103841746,0.1284769312130161,-0.08814777994295975,-0.22948238831953932
-0.41596584389452057,0.3092861507860905,0.2736094950435053,-0.38434988816713855,0.10860313491422292,-0.49153788100716395,-0.11853109365367451,-0.3927523757736956,0.21678061573632434,-0.3022193566850172,0.19980957706325078,-0.20626929435741223
-0.34962214070494047,0.3227223857662144,0.24036005210087832,-0.5354383347568152,0.1702816835470479,-0.3215402177017036,-0.2562176844882382,0.056529284149728964,-0.006723366739661689,-0.5726370982838966,0.4079735306543581,-0.2037840393633699
-0.206196319225548,0.38650797588458724,0.1699621217270356,-0.07824395538737225,0.07904747831580965,-0.20693739895919439,-0.4724244596871858,-0.14319757528274576,-0.26816959937234125,-0.05434752090410116,-0.08163780813003244,-0.01647305886442394
-0.39499372391639853,0.6853986573445484,0.4637477914643762,-0.800160837914736,0.24924069875354313,-0.721023830924614,-0.2374238758684332,-0.2885459198197189,0.3693017738924789,-0.37580206712988384,0.5784852760993695,-0.34835721962128785
# Weights from hidden to output nodes:
-0.29518294730926903
0.8893400138217271
1.3378054545734828
-0.0032218481594830043
0.30699363390507783
1.5462302992595114
-0.3622208128328656
-0.0811295376229916
1.6087688979697397
0.9766268746257877
0.8354697545441309
-0.08911762476990943
# Biases from input to hidden nodes:
-0.43925057034170223,-1.1690383401277886,-1.1358788644906548,-0.20149627570408368,-0.7898850579392683,0.15506036383655952,-0.39318021279630805,-0.6363513511498499,-1.5502816775352677,-0.1900460461413787,-1.1559593648934268,-0.8511679062191719
# Biases from hidden to output nodes:
-1.8469670203870394
# Number of epochs trained for:
4000
# Mean squared error of finished training:
0.0014699783979816323
# Number of backward pass calculations:
18308576
