# Weights from input to hidden nodes:
-1.8061930889010929,-2.5392193274952426,2.472131847795269,1.491521457842718,-1.2164826045690698,1.4652720597651145,-1.3999333533243572,-1.0821862432627714,0.608229332711449,-2.2415097606047967,-1.9912146657739813,-1.7838632386792896
0.072927917850455,1.2936123162760607,-1.7530425645667804,-1.2973861275896177,0.30960188262881183,-0.9527738433369137,0.22065322866212092,0.08123571596082922,-0.2577501762603223,0.928404640084839,0.24021917768534945,0.020569429867253942
-0.17065438568417435,-0.4656195350723459,-0.041401415000898854,0.34787136689635245,-0.48617783337246395,0.30879117785711635,-0.12123982734948067,-0.38519629386856363,0.08059645416571862,-0.3773123800707276,-0.6321345975585898,-0.4312663844511958
-0.108723230249985,0.38986734575682286,-0.5976122718479328,-0.3911200565803482,0.15059331868270598,-0.046011404876049586,-0.1523160497836453,-0.0030629023490958236,-0.008333738475707354,0.1334515369677805,0.01836671697762492,0.24793811651590136
-0.319550055967728,-0.8907559587918896,-0.07717429619517524,0.3110968915981917,-0.17325891272749142,0.34740048988306327,-0.4078030544578757,-0.42763271349877063,0.14280766955797403,-0.8176943913936687,-0.2881076142083117,-0.4715035825021069
-0.19961870601129234,-0.6841041792086239,0.3849576602017934,0.3939115759236897,-0.24076651399572135,-0.09672067735401546,0.18949897147141737,0.22027531583307308,-0.107368240439199,-0.4072022079862364,-0.056139196115490154,0.08182252170418643
-0.24292596218803794,-0.9585622632849153,1.1999932830859028,0.599055196790827,-0.2091211591032987,0.5735759942255606,-0.0886398362215343,-0.25050156153100495,0.38812042830785565,-0.5225777902967719,-0.6479394573349664,-0.5289347962578549
# Weights from hidden to output nodes:
-0.9616857129459151
0.8807137804772509
1.9880523665784156
1.2521366359133097
-1.1038170045687525
1.164499609593075
-1.312220317218768
-0.9852955774757285
0.4715718982843341
0.5529229233768355
-0.9307276913454493
-0.8657551871576931
# Biases from input to hidden nodes:
0.3885487845574154,0.13706196039199559,-0.8925792775827374,-0.25619461892865214,-0.10691877747574224,-0.5768476151819074,0.2180717190182924,-0.14913139194792777,-0.1645779912194328,-0.14229046715403396,0.45438636921223413,0.35627313853840215
# Biases from hidden to output nodes:
-1.0108951944384448
# Number of epochs trained for:
6500
# Mean squared error of finished training:
0.0013875007172919555
# Number of backward pass calculations:
29748576
