# Weights from input to hidden nodes:
-0.6291644111732203,1.367696300909303,-0.5401011627707022,-0.08631901094896863,-0.18110785640945096,0.6591655238338487,0.7650236422493525,-0.7122375562335129,0.07650691738329309,-0.01792622610254685,-0.37576371358484756,-0.40792549023701385
0.2629288838981626,-0.46294956769686396,-0.14459735296486573,0.24770060271711472,-0.1934066692850425,-0.11204332640288972,-0.4028037298879019,0.34233962236152893,-0.2086417153457227,-0.24753145707226668,-0.08034244891971681,-0.12060997730416301
-0.3992972823547198,-0.20311905188390392,-0.0205400361895227,-0.035075354706261073,-0.08094082516207132,0.33330696904482365,0.346588228214064,0.3916870486364007,-0.05670614971619051,-0.06371277849865133,-0.35652177238661437,-0.2041018616257154
0.1622612728814012,-0.2927844372128273,0.11198482313209795,-0.0883981436523615,-0.19972982710466247,0.25069422644040573,0.04174908181111353,0.07885678861503313,0.14897866227265347,0.07387942019011755,0.05793487952350447,-0.19253640550973902
0.1435105495240065,0.012796293604448814,0.3623236547575453,-0.10467496099445768,-0.11599212377525184,0.09284439496076596,-0.05082093650172797,0.39288686416598867,0.12217993029878091,0.20381295939801322,-0.16210624428842704,-0.06856021809795282
-0.1080369404804515,0.048913289193707826,-0.1719294367472951,0.11317949076256563,-0.02018039257944932,-0.3716552531136988,-0.2509968041731221,-0.46345803277796654,-0.04534464691006145,0.13457003380311053,0.2902794726408975,-0.04565263503998481
0.161834578392763,-0.1008870602972554,-0.15347376668076307,-0.24762836722804993,0.05687941566175475,-0.2594768969105606,0.0700631123198058,-0.5789089470710757,0.147538006414108,-0.21438062166779162,-0.09634731785695809,0.21478603308270078
-0.13899187358986304,0.16248786887199151,-0.4059718850683529,-0.07845536152047157,0.004452682346178349,-0.1693763788258379,-0.12971261815195573,-0.832704512612324,-0.13389647693452508,0.16764160977508102,0.09361523397673666,0.014642970560306291
# Weights from hidden to output nodes:
-0.6880563295637039
1.2979144590629328
-0.5035932382428054
-0.13763583571384708
-0.21214059223965515
0.6875360484553844
0.7660271096842809
-1.1619759559422893
0.07220953292957415
0.029992491429544074
-0.3896934542660223
-0.46711280771408464
# Biases from input to hidden nodes:
0.29690892848077666,-0.7640366129291923,0.2069551338078461,0.10239522158596483,0.12193738400561598,0.07033754888806373,-0.24548631036346355,0.20834335964065664,-0.0771551495820713,0.060138892549964594,0.02632232844432824,0.09921226919709655
# Biases from hidden to output nodes:
-0.25404509605268877
# Number of epochs trained for:
1000
# Mean squared error of finished training:
0.0017197757517686343
# Number of backward pass calculations:
4580576
