# Weights from input to hidden nodes:
1.2315193525860764,0.37975490444985976,-1.9325284938427667,1.4652552930707492,1.1456980329792446,-2.225453632278238,0.3687746657391884,-0.027066039759684444,0.6566366440466284,-1.3060180078955594,0.5094600016560393,-0.6744838667943199
-0.5565121912535741,-0.20117737524796953,0.7723357586271198,-0.6828023019833874,-0.5686802936629333,1.0095303927923496,0.04977950277304033,-0.2234408031289743,-0.5022486332492851,0.2755382921732493,-0.5224908995671342,0.38384883590662944
0.0031125876554941156,0.16184359458246678,-0.6253373016910291,-0.03480013762400701,0.04672260505123816,-0.5696395519061846,-0.19764617073947321,-0.24499594307897934,-0.12318428241184962,-0.14745492265216842,0.06527450913334812,-0.23098604204029125
-0.3512805628058452,-0.12178447194587076,0.0450980424016116,-0.05532506502607507,0.05796899857652296,0.4139668242282985,0.1335257527723308,-0.00702791202689801,-0.16557969609226839,-0.07364182023554476,0.14227976181298246,0.3156434788660995
0.30417454966769225,0.08332545414497321,-0.5551417438929677,0.5318918965407956,0.2243959619288542,-0.6419314454325744,0.2117531820892531,0.21740093649712383,0.2722570681146011,-0.4535435753587718,0.019806946906059476,-0.24356065680535188
0.3081787328119475,0.0320161469949296,-0.03648326712252099,0.1853263864310679,0.21402323503039838,-0.11279232650283809,0.1687922552110058,-0.003586149242778108,0.007067824401964522,-0.011836346953335224,0.34452956595678746,0.14198596462690652
-0.16281112823815963,-0.1848375581274917,0.011390007255909546,-0.11173092133185425,-0.041087009847878095,0.0007682153974526662,0.2470119462780478,-0.1936149231055134,-0.09569983805312485,0.10541564754333296,0.17002215083450575,-0.22778292167835354
0.37120146389732506,0.3828619035062472,-0.8262533834485483,0.47389073428482353,0.22608055639489477,-0.9506007843798472,0.18792439290484908,-0.2451979455981275,0.47485444080814504,-0.5352118402196078,0.13779791766975308,-0.1815141173653461
# Weights from hidden to output nodes:
1.251893608570254
0.34018695778902497
-1.601952735498583
1.3572994683986914
1.0664691535747552
-1.7518754740714662
0.024203619129322222
-0.3177241624934257
0.6859793690103076
-1.338663194847603
0.45164460572906295
-1.0729925473185906
# Biases from input to hidden nodes:
-0.3938284356837586,-0.2556511137000553,0.2696376573602609,-0.4705567460362449,-0.42903366466395004,0.3136699268986228,0.11414522229255343,-0.13860924237139396,-0.19933321015630429,0.07194024241311654,-0.1641530551440413,-0.07937488408468131
# Biases from hidden to output nodes:
-1.0482029495934044
# Number of epochs trained for:
10001
# Mean squared error of finished training:
0.0014157898734694673
# Number of backward pass calculations:
45764576
