# Weights from input to hidden nodes:
-0.9577735754095593,1.5894569631290378,-1.188669560583659,-0.7974398543942819,-0.5493096914080594,1.2044562236803602,1.4063763692448181,-0.5041259651806044,0.7721439960241413,0.45098059491765247,-0.7815363415238009,-0.7916386526734248
0.04835598824466817,-0.6902305647779159,-0.4287399934819995,-0.04745683846401949,-0.6451170982832224,-0.19792303710500134,-0.3269939448814572,0.31234398047698,-0.4088622347476639,-0.4959272266719608,-0.540372116059009,-0.15559194865229567
-0.5531073838590634,-0.008483202409975807,-0.37902157647286394,-0.5019805368349988,-0.557391444948636,0.44112653245511857,0.5139398044546921,0.13405669836280643,-0.09277533680102053,-0.21708624677992497,-0.8006730085372596,-0.3640388402669957
0.02904856304340479,-0.3727714307475692,-0.19020502280099988,-0.45210530479494226,-0.627719339671757,0.0426961358896565,-0.08572746159452803,0.19182615701452477,0.044341872195962216,-0.16891115116060473,-0.3349919095459669,-0.2423011428198283
-0.17381941304447365,-0.15076576539118708,-0.11724769561849531,-0.5543561026563055,-0.5902807594917683,0.2618001729065909,0.18268398775316377,0.05155176015252871,0.2842872078080952,0.22449011600257507,-0.6394368886145114,-0.2828024096167388
-0.4021148185862782,0.7225909929424922,-0.46754562339190997,-0.23913389925414558,-0.3864866977004302,-0.27485777831562086,-0.043694571345031026,-0.19175668524442555,0.023885052659546043,0.20580693013450768,-0.1641869640091636,-0.3597810237213292
-0.06930251415408352,0.37433287547604377,-0.2956805996064987,-0.5009269922513427,-0.26705588628325794,-0.42476537591526065,-0.04655901127315415,-0.137676168768652,0.02825522539530879,-0.3253220835590015,-0.4954765786461048,-0.02213438557683329
-0.48712166284866576,1.1605725331597554,-0.7025050950308361,-0.48805623550868615,-0.3229993867596099,0.02914150420658891,0.1954225233706331,-0.4030700988164917,0.044518555644905505,0.34336449737151503,-0.3667572861808102,-0.39494895073846303
# Weights from hidden to output nodes:
0.8054555530416335
1.556393968341002
0.6916824208381595
0.21317165978657537
-0.5171314955885488
0.8869637586052009
1.4904863689367418
0.39741420335677985
0.7392930028791187
0.26773582767292364
-0.4434114069220658
0.6929297490937799
# Biases from input to hidden nodes:
-0.32678889728155414,-1.398238680632322,-0.07182674569752208,-0.20431490919696402,-0.24117575343952408,-1.010286820020071,-1.3888103813079506,-0.6870403814140518,-0.9711207694001539,-0.6953389706437585,-0.3038020131125038,-0.40019899581349827
# Biases from hidden to output nodes:
-1.761912438388527
# Number of epochs trained for:
4000
# Mean squared error of finished training:
0.0015683544038036059
# Number of backward pass calculations:
18308576
