# Weights from input to hidden nodes:
-0.09332905346787135,1.5577662158694587,-0.3407554635335256,-0.11723767697420057,-0.015865310310401948,0.5528627470160703,0.9122118860253278,-0.11850617020266652,-0.06471089551023795,-0.459317286460305,-0.10949179872523729,-0.05606112058150786
0.03239719541672742,-0.6793898153599289,0.1589864542247015,0.3662397815293624,-0.1960276657270223,-0.11844014977501281,-0.30479845488567675,-0.228143300765484,-0.19695327128004064,-0.4130629208222797,-0.059675092840683175,-0.23539575197916274
-0.23963129975481695,0.30083152610140684,0.46000311162377594,0.0022781811567311925,-0.024023104658679073,0.08402854274062195,0.25059526445498953,0.22489987724258953,-0.12180938977971467,-0.0403188417704569,-0.24888597195373113,-0.09973130560488574
0.19368050877934645,0.21220008110766392,0.26900342994266463,-0.07345386969528084,-0.14169301033124326,-0.17593232679125537,-0.32411394969607576,0.031755422258232247,0.10484207753194291,-0.10712382578519607,0.16382990569481287,-0.12594709320012387
-0.022118465480455707,0.13194581609596245,0.5270807059623038,-0.023921160317968225,-0.14200292921264557,0.10662461389079414,0.1288288537355087,0.015060055214390022,0.07789314448679324,0.11771598913194176,-0.20002839747520806,-0.12625410028400147
-0.2168035511298499,0.3091479727914757,-0.25590969846904166,0.13853919582938096,-0.081548865528625,-0.1697827640231624,0.02191000571161182,-0.2181368466448232,-0.062702050974912,0.38852499556697795,0.1472180842104573,-0.1879956514850354
0.06325049234095181,0.0015160907427226476,-0.35823568156447855,-0.17115165983110375,0.024479496891649244,-0.13239430053694878,0.1778516651413942,-0.1276555322530476,0.13326231109842174,-0.0360184565588042,-0.1997348000994787,0.09071645794650574
-0.05790237448704888,0.48506218406231233,-0.584078103166916,-0.1002206792464448,-0.004707443519741117,0.1611924027959923,0.26945918675104796,-0.13812311423840568,-0.18625246136315926,0.7405094042203861,0.01501378969988193,-0.019460283648891075
# Weights from hidden to output nodes:
0.052527492239109436
1.3984613566740054
-0.8044821082125624
-0.29954718726180796
0.03842153450165617
0.4379360627306951
0.825550202547185
-0.0966112753604218
0.06220833009063828
-0.8775451717959808
0.05953518446599218
-0.035402788292562964
# Biases from input to hidden nodes:
-0.03536900736111026,-0.3303444314974367,0.2083599245496893,0.26975960658982817,0.07307706612272136,-0.04350535170681857,-0.25585876477309477,-0.1512151424712861,-0.07128392175193865,0.11085471130153968,-0.05753739501576327,-0.12787136867848853
# Biases from hidden to output nodes:
-0.8304536386350045
# Number of epochs trained for:
1000
# Mean squared error of finished training:
0.0009109973664798544
# Number of backward pass calculations:
4580576
