# Weights from input to hidden nodes:
-2.2906746580989865,2.4782149766124735,-2.3934299908451595,-1.2121781459052057,0.029928459440287682,1.15087544493815,1.7846043626335681,-2.5365252122348165,0.8027745334777905,0.8792870419687413,-0.33673165971260804,-1.862573587420422
0.4530208853886805,-1.2630069700743147,0.07816764077812967,0.34647537831173497,-0.314154491562687,-0.4432967276624589,-0.792719990982283,0.6423493156947402,-0.504580261783147,-0.5898484055822879,-0.16211534238686348,0.13349858132907103
-0.5662838894367352,-0.02421398204247616,-0.2516655027411338,-0.204478986164714,-0.07018705393232177,0.23038760699303487,0.2919216432385516,-0.18266179723701026,-0.05791852411141842,-0.024012000493019707,-0.3329694803690315,-0.38260427395246516
0.18113716922075823,-0.46483168160617416,0.11204209132783234,-0.09747507244830239,-0.18014017094722684,-0.10336048693312658,-0.27386505689079366,0.08671442968605082,0.05277626094973591,-0.033853327920564,0.11520222065923542,-0.1416484455927476
-0.18704119954450427,-0.11147281142144683,0.2004862197980431,-0.06358444313974898,-0.0175564955002693,0.026508577963248087,-0.05167112467560716,-0.9388411951452013,0.17032733875261866,0.23865881064229502,-0.003161212297622478,-0.30877607976947163
-0.3191327034404907,0.20301679346780946,-0.2583589504804168,0.04688530857151039,0.028567501163235278,-0.09096990660126876,0.025987436548535185,-0.564433813212957,0.09069706687567541,0.2883470628711539,0.2571775479873566,-0.3174463599454221
0.11665815628704711,-0.040579681461727725,-0.02077403012403911,-0.22163231410339884,0.040161294322780115,-0.2101869371558581,0.052886469803396806,-0.15684591630680078,0.1266832557645751,-0.22679118633642786,-0.1806938892932905,0.11316473593325008
-0.7554914300771749,0.7565069071782673,-0.8866768234467096,-0.4264529519320156,0.053805030110610226,0.2793432805854767,0.42813516450406014,-1.0533027169305582,0.1464660686350235,0.5299111228683286,-0.018399898481123923,-0.6218188673773359
# Weights from hidden to output nodes:
-0.9937141703087562
1.8299157490330897
-1.6647714847247952
-1.3466664913039765
-0.19113840393016326
0.9581325533725822
1.4918277441172314
0.8675805515408423
0.6453658067035554
0.7233940457873237
-0.5646474797062304
-0.8025717214018037
# Biases from input to hidden nodes:
0.3238277378601048,-0.7424774942844601,0.5116507962964926,0.2249075505872357,0.022813406548477754,-0.21286417127633914,-0.5494319663778335,0.1973505266522213,-0.3079862381945005,-0.17914229014181654,-0.06734000822442243,0.14501162685866348
# Biases from hidden to output nodes:
-1.4145273421791886
# Number of epochs trained for:
3000
# Mean squared error of finished training:
0.00184531118903143
# Number of backward pass calculations:
13732576
