# Weights from input to hidden nodes:
-1.3877375409178472,2.051001772717199,-1.1619631227481717,-0.832066087447697,0.12014574505233058,0.6423670279072258,1.1682578606586982,-2.3444311049835322,0.5971470169487225,0.6097600451453745,0.06499286160448718,-1.0661294485290993
0.39036431466952143,-1.27611488016489,0.0058000705686953495,0.474416618786372,-0.32789563802093913,-0.3757882241863079,-0.7214008518031904,0.6314002075051196,-0.5402694287181922,-0.5943688166170316,-0.23794969417774184,0.06636180968886715
-0.5453303780427855,-0.01439357310934145,-0.14907057833749632,-0.18157672731897742,-0.041640443770235916,0.18600138160811377,0.26559040739735007,-0.2339057902146207,-0.05067578449043014,-0.016699534122840885,-0.26643476652558734,-0.33078657777507015
0.236923447089404,-0.3108334118888501,0.19271230627956068,0.004437028899820154,-0.14513874682630346,-0.07506745029827842,-0.19676958457008908,0.11089219532385593,0.07391111688565109,0.004853516411093888,0.15999699903934206,-0.09052701343204805
-0.31361760665213173,0.5046790563604963,0.08480633464070522,-0.2684715941401169,-0.01577452808658383,0.20749681892564256,0.3396696162882381,-0.8365762221725106,0.3385790517561586,0.44740778029101513,-0.009421074211044555,-0.36660285682331883
-0.1741278936398171,0.1976061373067236,-0.08648617046249617,0.1487518627740111,0.051627568669404406,-0.08212999403633335,0.044306173545088146,-0.44844461643417516,0.0846276212702452,0.26921513936214336,0.3272864930804227,-0.18512398958781157
0.12040142253335516,-0.05257232528287702,-0.02480184416659142,-0.19379207429479034,0.05208502580449035,-0.1512761505847754,0.11820830702479893,-0.10544231207565367,0.1322414363424817,-0.22361086231100485,-0.16350483393876955,0.12507342750668074
-0.5173125427865966,0.6007724088666095,-0.5630400374111931,-0.36028458064121915,0.08693785049253867,0.17595323884008246,0.2875187006367178,-0.9841432473554828,0.10100953763718579,0.4450429182248538,0.12495523191862058,-0.3946149193173702
# Weights from hidden to output nodes:
-1.4068452464998757
1.934353708869032
-1.3057100891584985
-1.189847910814584
0.009973364641591896
0.5750581945452768
1.1508872471682485
-1.3856568573551875
0.5990182379126431
0.7275995105734393
-0.05712786678105912
-1.0839105296771514
# Biases from input to hidden nodes:
0.12709864350444045,-0.3567178859760344,0.28713655137263383,0.18753930402831712,0.051474071685438896,-0.001621686807357763,-0.21634668513758606,0.16328324815269063,-0.19222611932295058,-0.029224917485002364,-0.08864732603738752,-0.0028034243531647463
# Biases from hidden to output nodes:
-0.9951069902955338
# Number of epochs trained for:
10001
# Mean squared error of finished training:
0.0013911749049344726
# Number of backward pass calculations:
45764576
