# Weights from input to hidden nodes:
-2.1810679987067005,2.405236171794272,-2.2158875936349554,-1.1261556842730893,-0.026656485483567322,1.0265736971131871,1.6659962788763136,-2.654360413370876,0.6893499036072324,0.7800017844206582,-0.35774401414426454,-1.768699931754305
0.46664672570744015,-1.23671884694005,0.0988592702463507,0.3773399045193841,-0.29151555927883105,-0.42536194416099876,-0.7708773029625372,0.6528946342350741,-0.4829862941180169,-0.5657637358101684,-0.13908724499439448,0.14612386163119734
-0.5541968911622697,-0.010962494827406546,-0.22586823734062134,-0.18002239158647612,-0.07346752835685792,0.21003629639114255,0.28186054618646444,-0.19344730290874773,-0.06829005675251086,-0.03088238103831487,-0.33051408601260945,-0.3678956583134564
0.1884472616628898,-0.43639366844544986,0.1292154278633919,-0.07765406965969332,-0.17490256783615138,-0.10092611923914584,-0.26008112921261733,0.08292180478263057,0.05661396979788618,-0.024614836034948923,0.1238006494889497,-0.13293661863640222
-0.20508818623090697,-0.044623530753227045,0.17561987302204254,-0.0825800936135493,-0.02830871459539977,0.05185841433311008,0.004980325978707778,-0.8940873504945083,0.18915604708867,0.2590280715659288,-0.01974193382644474,-0.3225865043608609
-0.3059632399589397,0.1949284690255055,-0.236892683954621,0.06439216495762305,0.02079816820400885,-0.08997732356762664,0.028505059601110782,-0.5675521525106832,0.0826613403745164,0.27609483746295105,0.2573333255214866,-0.3060502609015639
0.12147467029131433,-0.041172586730137566,-0.016383161685362642,-0.2117982699710745,0.04316572802828196,-0.19839502231391531,0.06442604402905316,-0.1459635940454575,0.1297050965635186,-0.22658248659641195,-0.1738809280802526,0.11845997640586119
-0.7288834315972369,0.7244185433561552,-0.8471181161371287,-0.40661925838417107,0.033813531767223626,0.2539668549017397,0.4002788172744468,-1.083204091102465,0.11216284296990467,0.4926379557542449,-0.02558562382518188,-0.5969123776947286
# Weights from hidden to output nodes:
-1.1147217752928726
1.8039747870058596
-1.6555081935564797
-1.2713715535960453
-0.20883216031495158
0.8835996105305952
1.4321972037822392
0.37976340710066464
0.5678958219053588
0.694501455049769
-0.5470633663978733
-0.8855690073282109
# Biases from input to hidden nodes:
0.2647385427267122,-0.6133079577689905,0.4395823920484913,0.1936397472620283,0.035350899446322484,-0.14680960628902012,-0.44693314080578417,0.210022666362416,-0.25549358831649815,-0.12111850555105083,-0.06710842415027289,0.10190571297525082
# Biases from hidden to output nodes:
-1.24890879732348
# Number of epochs trained for:
2500
# Mean squared error of finished training:
0.0018222701139337923
# Number of backward pass calculations:
11444576
