# Weights from input to hidden nodes:
-0.43008629918368796,2.206225849538139,-0.49744213080674243,-0.10590554522947103,-0.13990135453369199,1.006854884762411,0.8812295891027905,-1.4697417227067946,0.1325048355574507,0.02235868952684137,-0.273614707247152,-0.6255041270837525
0.8151692412232381,-0.8256614645926731,-0.48361385242066224,0.28729449781376587,-0.17874749664438624,0.26217333592873837,-1.6931328873670486,0.03798256461766295,-0.21689549950063963,-0.27003254306797375,-0.07871529004210764,-0.335396188934963
-0.4826113974364488,0.6765483135657139,-0.40241435502884976,-0.15669816395201433,-0.1101088406513983,0.7313998225665826,0.6298680460880813,1.5868085355288237,-0.06630488295058053,-0.03084141451143029,-0.43436501737161626,-0.2238523642588524
0.30568378585828954,-0.6621377451728917,0.8606970967361648,-0.030922187823847497,-0.10693548148564723,0.6679033098924998,0.7283887719238826,-0.14222076809229356,0.14532039434406452,0.053290543437259565,0.23867421767081762,-0.3542796628761597
-0.06965828457551912,-0.428432670356192,0.13574742743413717,-0.033112271162069634,-0.0471683914203135,-0.06078134866428899,0.1802323738194378,0.10170779909251482,0.11993572979755572,0.18679597864790212,-0.0032860075279188385,-0.09618039375348392
-0.20077659405365259,0.08617074197873185,0.008827219980226167,0.08123721757607882,-0.030094437139418295,-0.11233617643815441,0.18399264886687092,-0.17058918898062503,-0.038710097607653725,0.13921434464260685,0.22218848617204967,-0.08014410838407968
-0.3825991935405034,0.33609622189892974,-0.2956141010411873,-0.2342703040097549,0.12310809759697276,-0.6512346020475734,-0.010548499059435503,-0.939636475591627,0.17322756987571944,-0.21425479390352936,-0.0543985100115074,0.48008372213724837
-1.0523179780775036,0.12819945290495302,-1.3631759677290132,-0.15866647851386653,-0.021228215224068703,-0.2286646911315972,-0.05564708840436171,-0.032645596679872636,-0.14059676727499387,0.18155935888693844,-0.0854388415763312,0.11636702956011424
# Weights from hidden to output nodes:
-0.5518137428682196
1.4820623506556938
-0.6789556780331661
-0.07815939451814811
-0.09635722351476825
0.8368496394500594
0.8693085201884433
-0.7644332935423683
-0.08167690727162617
0.027056955381715084
-0.21965898831751865
-0.40559503418617676
# Biases from input to hidden nodes:
-0.10168667542923845,-1.8583885748851918,0.011889376218929278,0.17669341016938897,0.24439120642517145,0.005719118459250429,0.15541956163481355,0.40809872048213347,-0.10081823674776923,-0.0164980166778957,0.1513481521797307,0.26648074693206625
# Biases from hidden to output nodes:
-0.7136398784379001
# Number of epochs trained for:
10001
# Mean squared error of finished training:
0.0008675576085214649
# Number of backward pass calculations:
45764576
