# Weights from input to hidden nodes:
1.9600904769602394,0.6184723940715228,-2.650121149932956,2.0596716370306383,1.8024055888114203,-2.777451216289543,0.4039652086279352,-1.0191999247123793,0.926194602481951,-2.317486664793968,0.7844195678294642,-1.9082653209917657
-0.7415013495399139,-0.27445396341415423,0.850017094874606,-0.8680779781763353,-0.7209493026871325,1.0783980678299987,-0.03813985583838401,-0.1673528036742514,-0.5489147978889822,0.3524114632377782,-0.6098299740003456,0.4001851150678232
0.1372866999953525,0.1852838291602478,-0.74789387121025,0.09079476999136867,0.19913969999177092,-0.613340978958826,-0.2538057417673022,-0.5828129416706019,-0.09151159769428376,-0.34200505125037944,0.0878032724933497,-0.5395794863946004
-0.46083739936150936,-0.16170881768668313,0.024233555133033522,-0.15179891707936868,0.027903190814403477,0.4052877187150837,0.05959755805403665,-0.10994912762146115,-0.19217085779994011,-0.1135434410367602,0.1033887390449929,0.20958236794344223
-0.1356047184119326,0.028967058028052738,-0.5330392831603913,0.053683115514464745,-0.1131022798394181,-0.5729836354552675,0.17849270958021857,0.09904332480897672,0.1342268378207989,-0.49060745683414453,-0.0973233213239945,-0.3421660291034736
0.28817684386558917,0.040722306541040705,-0.18074384630522822,0.12859424026179928,0.14691893736916964,-0.2597242508713587,0.1605721422147332,-0.05642670570109296,0.03665954131473115,-0.11264816357461538,0.36884290308885376,0.06189806764239307
0.02411303774685882,-0.14485459573922155,-0.232548630009698,0.030918891915080553,0.06508521200707068,-0.23573596096436766,0.22662678775925468,-0.36825100345583056,-7.607575759918612e-05,-0.1291380077786794,0.24644355777946625,-0.4822919978310674
0.5083591990302975,0.4212188132077513,-0.8352543458153294,0.505698485500388,0.26584000051522655,-0.8815438228693991,0.1827721930777053,-0.46781982007372747,0.521894289382173,-0.6535435665436541,0.2016259574438161,-0.3855976370981424
# Weights from hidden to output nodes:
2.0619345149605017
0.3549380078822935
0.1810724756698062
1.8893758586631422
1.6697896093331233
0.5289834058338588
-0.159435698890838
-1.35312912854871
0.6910164437419357
-0.6666279976842456
0.5287915658867752
-1.4912635041683748
# Biases from input to hidden nodes:
-1.1723739004739206,-0.465123076784239,0.5298006388431569,-1.2387745378405195,-1.0750911657197313,0.5348768617957661,-0.008196204655439106,0.1103578302112296,-0.4791955658109727,0.45977476085587915,-0.4274555315600582,0.33136687311084934
# Biases from hidden to output nodes:
-2.2352478311335084
# Number of epochs trained for:
6000
# Mean squared error of finished training:
0.0014366267294389726
# Number of backward pass calculations:
27460576
