# Weights from input to hidden nodes:
-0.6128291968803607,1.853974909659428,1.673043365794287,-3.308275710648769,1.160064552359566,-3.236097865690836,-1.017436807430188,-0.4965281928549158,2.2567991000998195,-3.3137565781604503,1.6621518545963687,-1.4860097202592593
-0.1249920097613187,-0.9828210699605452,-0.7743405332782853,1.9408630632697628,-0.3289446046899796,0.38646218818695066,0.04255531319914132,0.1983388962996719,-1.1970476482978,1.3825261884041584,-0.8310098066906815,0.2986221204921153
-0.02025829999093872,0.1998047876102608,-0.029844189999695913,-0.5244535130620016,0.0008075155238884365,-0.6320175872079191,-0.29125719788273974,-0.10742834741440314,0.48588409947730127,-0.4154140881359244,0.3168320220851195,-0.18499097978471993
-0.07337258591572088,-0.3127729703184995,-0.32181548384689385,0.7360168040899814,-0.2994841464087222,0.2692138677539192,-0.23108732843027616,0.022359595248338162,-0.17408329935570496,0.34613048366084587,-0.10140819149726793,0.18672064384549586
0.18512140712844116,0.13584875743341457,0.09935345912695003,-2.646602077812356,0.1925105848328567,-0.6404631315517915,0.25783138907956155,-0.17316771052590696,0.43971918528933457,-1.6945722361282156,0.1296967966547483,-0.1100042398886734
0.03755672860743141,0.23821841273332936,0.038370647818933734,-1.5596882323393875,0.3316249986931187,-0.21330514633217068,-0.03792313864737538,0.21972757379589053,0.3318675516919516,-1.0404646854440402,0.4744423419702523,-0.1012325306061472
0.06120772605733674,0.35187804808891665,0.08834096580459619,-0.2234642299077622,0.23602742490532508,-0.2370474855813549,-0.29245923181862904,0.025277812026764716,0.019210320295663386,-0.174547735153999,0.0059211591119291765,0.10069326493124897
-0.09276929450850495,0.593886551079556,0.18494247339712133,-1.3593924295004396,0.40434777499451907,-0.753168217382871,-0.1476168168850249,-0.2250223361057047,0.5895054520563526,-0.6982146320438753,0.6400413522713091,-0.40128718494174687
# Weights from hidden to output nodes:
-0.829559977427767
1.6989303653211039
1.4468789110553693
0.9643595034174609
0.8953948909712592
-0.9034916365046446
-1.2565643754397902
-0.8234055809441084
1.0623925588527832
0.45937852179765293
1.4355455245859434
-1.524188496612006
# Biases from input to hidden nodes:
-0.1034627501077701,-0.907833073257028,-0.4744890046300764,0.8657948666997592,-0.40027778237837774,0.8127970577228076,0.1955308161769333,0.07332233214110019,-0.6729743640045628,0.7466769100391298,-0.8348200071593519,0.009514126843453315
# Biases from hidden to output nodes:
-1.956428678544956
# Number of epochs trained for:
5500
# Mean squared error of finished training:
0.0014379986370925174
# Number of backward pass calculations:
25172576
