# Weights from input to hidden nodes:
-0.047854647415444006,-0.4049448067668257,0.03391011625383228,-1.066795709061791,0.21837950836464468,-0.0864758371073181,0.04012054444078904,0.46100170239106425,1.3988581464232057,-0.6685327869022583,0.042155571386077326,0.44676527032468316
-0.07001899974324494,-0.4625202074980519,-0.17662431596511446,0.5621013664056121,0.10945941589117959,-0.2464885476974646,0.052945193870417226,0.20294868986792217,-0.39243319120417613,0.3219219313381355,-0.08123770081021625,0.20044321812559107
0.14870323867782181,-0.27467441947308624,-0.18195157630137243,0.2881863467444258,-0.03194647289475986,-0.13003309165316645,-0.046460659688529714,0.1080741287492845,0.4442229654598071,0.10178867171548811,0.1925488720566371,0.20258340426080085
-0.07199842340482082,-0.1462117005032169,-0.06520478978057437,0.42867908765827806,-0.08306296558366329,-0.02984282019039003,-0.24067467746421747,0.010194122714943549,0.20689531716201354,0.00022375077286856617,0.233073350807896,0.1439304572875392
0.08687811823613376,-0.08174977654072417,0.05778621271940865,0.3990696068998066,0.07576587611532745,-0.12570390133393633,0.18997187766886642,-0.2730185659354345,0.06138842254759772,0.013545181379399945,0.035368286124360375,-0.15397447742272793
0.019701963699736813,0.2620426567544997,-0.22122164054090426,-0.20973966873869035,0.06603990332527489,0.1676435810517436,-0.032511801416427295,0.2009949274996509,-0.08118117722240117,-0.10234499473678423,0.10800906000461973,-0.12570407143898654
0.09397803895976141,0.49175279331882643,0.018366969107519393,-0.38274081600471216,0.15654477529879895,-0.010833111203253531,-0.20649486801612085,0.08865479608966027,-0.005934824127104702,0.10238078599467805,-0.0935826012739829,0.26453952074047454
-0.08160480613060811,0.37150173614142584,-0.14737746818021014,-0.6645316976398014,0.12669643161672708,-0.16289211238515183,-0.03633309014436999,-0.13157537789035634,0.33281215357158034,0.1343813161893103,0.22148976059743883,-0.17989776638067778
# Weights from hidden to output nodes:
-0.09686023369395773
-0.8550189893738538
0.07605462611057515
-1.3557320458573312
0.18785403878586068
-0.13815021553677997
-0.06830934788170737
0.3534112876452446
1.2512778251090992
-0.6116962877039047
0.1389588074197082
0.40689249860579074
# Biases from input to hidden nodes:
-0.11044160349395662,0.19127603702477458,0.1114171231451927,0.7888069679271654,-0.04385938329282661,0.145234104730961,0.07543274720600644,-0.03764044035944668,-0.1728657977851423,0.38665562772818535,-0.21474355757669464,-0.3038951090921701
# Biases from hidden to output nodes:
-0.06171538805478117
# Number of epochs trained for:
1000
# Mean squared error of finished training:
0.0016038942259690209
# Number of backward pass calculations:
4580576
