# Weights from input to hidden nodes:
0.7593883798698007,0.3191645194143033,-0.8833246115194072,1.0553013050664277,0.9560464894380002,-1.3409764864088118,0.24037825706653465,0.11033365470679048,0.19834733562066464,-0.5028444829278383,0.37625376615756884,-0.12207768890474245
-0.02639041057139883,-0.01707183879909653,0.20703477552595798,0.08348818505252464,-0.5175773084550933,0.21146772164718725,-0.011227919692528156,-0.43803710493939946,-0.1220741314969496,0.2830450347201354,-1.331771954121965,0.34049819455128016
0.09461487983858527,0.3330619594589933,-0.4442274611798389,-0.9728224561166416,0.6753958677366123,-0.29178258203740665,-0.45562472404989024,-0.2777286213899859,-0.09948714372207439,0.39230828791382705,-0.06440879480719906,-0.16009754006168056
-0.4859727994797811,-0.12949633109105296,0.35755483441336294,-0.0820912263704645,0.7678029655502479,0.7702354335969298,0.07274857731398747,0.38365943711869227,-0.06521802229618771,-0.5605831752859837,0.6687051004453813,0.37631094803431936
-0.04900899508768507,-0.1029374693524967,0.2218765132498767,0.16549303931998063,0.07084585643179918,0.05341234423830465,-0.04173211818724933,0.36107156659430306,0.12771000329252563,-0.2385790060140487,-0.10094402900051126,-0.07908739026340701
0.13190941084512428,-0.12562295895751038,0.23701005609326165,0.4354322805262643,-0.2107819867121828,0.15354621781448755,0.11620341080442634,-0.1631145040670195,-0.10949312178681193,0.004807893248869301,0.5045789837627267,0.04392251187538415
-0.07154103099385777,-0.12850460426758045,-0.02006299289309229,0.42847564806058874,-0.3348354390370186,-0.05176003057446572,0.3095088611439929,-0.45857748912822116,-0.08587209288797527,0.13560095403856456,0.4231695304929768,-0.34376363550086575
0.07232204526464776,0.306610750048613,-0.3219988454567465,0.5267961471861436,-0.7633406774685585,-0.27428303481237615,0.2464492100392408,-0.7110283180244704,0.24385210595142334,-0.22002526131548947,0.4907629657142072,-0.11439013461843402
# Weights from hidden to output nodes:
0.4912258280767436
0.26960874424986286
-0.7303130977030786
0.8356809733430616
1.1120918963137878
-1.0927049479487243
0.17501862773819454
-0.635594601234066
0.009106465520303931
-0.36774849126529074
1.0180621288851286
-0.19098668670619803
# Biases from input to hidden nodes:
-0.5630518252598519,-0.2680349045010758,0.7699729159400902,-0.7646543989713639,-0.06945245574783461,1.031384660916959,-0.022914382850530275,-0.15609555749953696,-0.041089895836743995,-0.02880153606477817,0.486148405197818,-0.1232478076723128
# Biases from hidden to output nodes:
-0.3318625370687876
# Number of epochs trained for:
3500
# Mean squared error of finished training:
0.0008524511550189158
# Number of backward pass calculations:
16020576
