# Weights from input to hidden nodes:
-0.01051282516377176,0.13119728578282056,0.33299751894229646,-1.121594980985792,0.20912763165727077,-0.2243122209785568,0.1043653208529042,0.32806723243551966,0.5225426557414469,-0.6971865060867621,0.10467816546741197,0.25840523650089053
-0.09918832672594309,-0.3817923410475843,-0.4240964992390033,0.8427599459831104,-0.025379579743881657,-0.1419383603137903,0.011041605467870624,0.1811534135521011,-0.5397922002801399,0.5367963187524522,-0.27443257601318816,0.20685955473821688
0.12753127620005347,0.004720389790892256,-0.22519959607356496,0.23243755836459654,-0.10524787900332351,-0.12316776525896235,-0.048875904561002485,0.07225976531936794,0.13177005195556538,0.2132256933513724,0.11165541637195661,0.16455439789645418
-0.050891253850881765,0.08686126138651523,-0.05704736666691767,0.07763082747310995,-0.061839883325735194,-0.03801215021448345,-0.2319439382108338,0.022734009763970723,0.243638948765285,-0.18749212192201747,0.2457882252666673,0.1467653736914813
0.11934942586818303,0.3878136419022579,0.32382266240290664,-0.9382656180728622,0.25919129476998914,-0.24822412453454357,0.24772127060004148,-0.1616797114775906,0.44327694240557725,-0.600649435786297,0.25825098240188105,-0.021897262057362286
0.050355753713891505,0.10789918108567677,0.04607786134800614,-0.9952453819987805,0.2544004638462691,0.05527579575049978,0.024112026724897897,0.2628126752027222,0.24201455845479566,-0.6426005212605495,0.3410331169506207,-0.028776148519522687
0.12966315437000742,0.2837544316388072,0.08294081060774695,-0.18270814146880238,0.20087889766472486,-0.03755374841449246,-0.18964603070524855,0.10537652781820822,0.03341154525609542,-0.07108353387098747,-0.04467580315487652,0.2186059568519625
-0.014007818440266264,0.2688968520010978,0.04665407675588797,-0.783563987646757,0.22390926907454034,-0.24328159556736004,0.005777953062799252,-0.10452082992256904,0.3453422985936803,-0.15655668659353267,0.34829939094540197,-0.19196598848925184
# Weights from hidden to output nodes:
0.018741679354015443
0.49827711250004003
0.48917258291739624
-2.0984205247189145
0.3691441591148915
-0.34969338434570696
0.05088608963080569
0.021628725948939644
0.8235092570279258
-1.2975471154453913
0.4817614606643057
-0.08546100520971234
# Biases from input to hidden nodes:
-0.12893871991091063,-0.1798551222917637,0.0791645572346794,0.20431228007807925,0.0016096072271792015,0.15430442816883425,0.08111515314926604,0.004388674114681753,0.0688840845719037,0.0382907194125205,-0.19469623443904283,-0.22746424765576545
# Biases from hidden to output nodes:
-0.15031496072093442
# Number of epochs trained for:
10001
# Mean squared error of finished training:
0.005151130508266975
# Number of backward pass calculations:
45764576
