# Weights from input to hidden nodes:
1.7348261753551422,2.5477278313421494,1.5073434004294646,0.3751720539778824,1.1064543393850743,-3.015569763552127,0.5229605141558675,-2.7907848212688693,-1.1990474441452503,-2.7722328178258326,-0.2353693257207746,-1.0161769183454643
-0.863367392593755,-0.8856484366650882,-0.43792415664813716,-0.1359977230313086,-0.7236239260695952,0.7900601049769486,-0.37675020986049923,0.6169371016110904,-0.14847457520031224,1.1627628579253924,-0.34107555577160314,0.37538801061560384
0.22043271250372373,0.00992992982211539,0.5067024105976833,0.22138655773047233,0.011285179726980302,-0.5703833903948969,0.2710679603731481,-0.7052173226907504,-0.3763109234051496,-0.31154811157600726,-0.344627545340114,-0.14814925408312687
-0.3146036053760647,-0.35634163180950346,-0.2117904186494666,0.14039736515801876,-0.21272778690945954,0.46947916071184115,-0.12208011523836473,0.02309484178335676,-0.008895183540212919,0.1405778675140715,-0.21956198372796723,-0.32876638194382507
-0.04531058438196762,-0.14203024045876958,0.5213382096259683,-0.1894670512516464,0.142578915258717,-0.7731539891659048,0.05190615242286646,-0.6871500650186155,0.1291555199846474,-1.1255413986863219,-0.04019679209973243,0.1022919343597979
0.16466491107047368,0.036635070651419833,0.39239552806647654,-0.08656311857455103,0.06627427219722552,-0.31071658553687387,0.34977392542942765,-0.3162241547263763,0.05597842868663165,-0.19321852777334897,0.24321402937290415,-0.2037670612860852
0.7596200321379419,0.4156264419683059,0.7115436053538807,0.20368911511268034,0.6784813874335164,-0.8193639679606181,0.25313730313980276,-0.854450451208023,-0.31732696845631303,-0.8382968742357144,-0.10186740347367063,-0.42481705113727297
# Weights from hidden to output nodes:
1.7867444810625377
2.773201834801858
0.2786867194533468
0.12413220266242822
1.157011211958645
-0.29334748731059546
0.4782141644872621
-0.4964294705139357
-1.4732691900780799
0.5058562920317383
-0.6139107714381544
-1.353674579944834
# Biases from input to hidden nodes:
-0.6695665074242013,-1.1962762833281575,-0.3869880200202704,-0.10955085012060228,-0.4188041958326114,0.6451950569774927,-0.4536729213361208,0.7781465340448,0.34543862343186466,0.381191595590671,0.11572082356827311,0.18057960521402666
# Biases from hidden to output nodes:
-1.731957843163307
# Number of epochs trained for:
3000
# Mean squared error of finished training:
0.0018339603941504707
# Number of backward pass calculations:
13732576
