# Weights from input to hidden nodes:
-0.09332905346787135,1.7508671149366226,-0.5007438702954895,0.018604629531591418,-0.015865310310401948,0.4788174559261759,0.9493073980518633,-0.11850617020266652,-0.06471089551023795,-0.5116155918532542,-0.10949179872523729,-0.05606112058150786
0.03239719541672742,-0.49951564860950454,0.2612407039606194,0.23813919430085267,-0.1960276657270223,-0.23686231948001998,-0.33489466222894554,-0.228143300765484,-0.19695327128004064,-0.20094654864219555,-0.059675092840683175,-0.23539575197916274
-0.23963129975481695,0.09279363951335433,0.35149602850536754,-0.016202397611643028,-0.024023104658679073,0.3082588244605828,0.5106742433240861,0.22489987724258953,-0.12180938977971467,0.05756936825124345,-0.24888597195373113,-0.09973130560488574
0.19368050877934645,-0.08154886495093368,0.24805031020427032,-0.03764064343583259,-0.14169301033124326,0.020974551362097582,-0.056507518843710254,0.031755422258232247,0.10484207753194291,-0.3662003454115161,0.16382990569481287,-0.12594709320012387
-0.022118465480455707,-0.033960449614524255,0.582299073815866,-0.05076721328816634,-0.14200292921264557,-0.054069068040463936,-0.0651221461632984,0.015060055214390022,0.07789314448679324,0.09625610024231682,-0.20002839747520806,-0.12625410028400147
-0.2168035511298499,0.3237446631028666,0.07833964604147503,0.1327954756857663,-0.081548865528625,-0.2570171945977978,0.11866477714206124,-0.2181368466448232,-0.062702050974912,0.3412349195337712,0.1472180842104573,-0.1879956514850354
0.06325049234095181,-0.14395864084221816,-0.677539842098485,-0.21556050679013872,0.024479496891649244,-0.045320538842058285,0.07322569441213404,-0.1276555322530476,0.13326231109842174,0.10814594367746067,-0.1997348000994787,0.09071645794650574
-0.05790237448704888,0.5032186950727244,-0.5773296908930318,-0.05081802322284809,-0.004707443519741117,0.11523451646866116,0.2497445831941094,-0.13812311423840568,-0.18625246136315926,0.7105318892469145,0.01501378969988193,-0.019460283648891075
# Weights from hidden to output nodes:
0.052527492239109436
1.4172325528062444
-0.9466893769302749
-0.021769566567076723
0.03842153450165617
0.453918626538333
0.8353900928630844
-0.0966112753604218
0.06220833009063828
-0.8275835493666364
0.05953518446599218
-0.035402788292562964
# Biases from input to hidden nodes:
-0.03536900736111026,-0.46439931003155704,0.27266380908109855,0.13084976693389658,0.07307706612272136,-0.09635451817032552,-0.2609148634616874,-0.1512151424712861,-0.07128392175193865,0.10807927615658848,-0.05753739501576327,-0.12787136867848853
# Biases from hidden to output nodes:
-0.5378199135907805
# Number of epochs trained for:
1500
# Mean squared error of finished training:
0.00165437917654278
# Number of backward pass calculations:
6868576
