# Weights from input to hidden nodes:
-0.2273724291498982,-0.22211173445575308,0.04546165391809163,-2.9735896612848483,0.07918196112514761,-0.4890515616177762,-0.3978050167129186,0.3537703422073891,0.6671336079495225,-0.6910691186852442,-0.17162609973190815,0.6079543037347469
0.00331258296097443,-0.2820850778510865,-0.14694261936782232,0.33575235916756035,0.10361120360806342,-0.0768906371288845,0.7309276994622087,0.09025229541081833,-1.01952641745054,-0.030914123833117424,-0.10769819991456096,0.20129457012922403
0.08578027864924388,0.11280786170058199,-0.12405417454697895,-0.5780958843252326,-0.04977556782728138,-0.22108314169454424,0.15372293081010233,0.0763103474165316,0.5723244535587939,0.7374607163728325,0.16406084222666958,0.07174566364783785
0.047013681820648474,0.17544188994521875,-0.04638700233660424,0.21654160493130326,-0.14627728868646933,0.23084918846528882,0.3421278206425922,-0.11064066550009835,0.3851719201644534,0.15576573883717887,0.26127947707630617,0.07827950721111646
0.1130334722407703,0.08205226912565847,0.09837721300944612,0.20466750587804974,0.03173444874252399,-0.06708762793548356,0.8027898656624407,-0.3060547017162099,1.1895634308407694,0.018348050731097323,-0.038554956179079135,-0.02659398115599209
-0.0034430990266083807,-0.07053190713258807,-0.1329386875314304,-0.11750787748010291,0.031243389056585982,0.20847829183288472,-0.2815635111234116,0.16147175518979892,-0.20881747508601467,-0.42220614241585785,0.0687857255938371,-0.2577891179584137
0.11559361715983398,0.34356056297468335,0.06673938300824604,-0.6243368630603386,0.12388898371472745,0.10884120815837134,-0.4633611746045456,0.0579202790009945,-0.5369184909202829,-0.32322665243728704,-0.06234449808043024,0.19095883418657322
-0.12242961095546559,0.03513738872087679,-0.0846815487551225,-0.4078667403867077,0.07584726796503902,-0.3531394348233845,-1.089260120312339,-0.11712730400800533,-0.44331452274859284,-0.3717535327051006,0.12572368602107875,-0.30448309847693555
# Weights from hidden to output nodes:
-0.007360487654177107
-0.07604798718232934
-0.014751820588532184
-0.5673115137102182
0.005527755286767625
-0.04517624028602626
-0.3134347677650423
-0.009139262791695416
0.33902936817770196
-0.1886323447321948
-0.02331820051401239
0.06017791676291166
# Biases from input to hidden nodes:
-0.03961247427851416,-0.08794501490288457,0.1807359103997985,2.9598716316795706,-0.06573601392871209,0.32009967010098744,-0.6272372930010128,-0.10997869884224014,0.016221514842677216,0.29175306507170023,-0.1600946946845513,-0.3563127492845631
# Biases from hidden to output nodes:
0.7386612947916658
# Number of epochs trained for:
10001
# Mean squared error of finished training:
0.0011877328800571968
# Number of backward pass calculations:
45764576
