# Weights from input to hidden nodes:
0.023358506902357568,-0.10624257834851324,0.834466251760773,0.3100145779405839,-0.9831701065194206,1.1798023591746487,-1.4831655403780477,-1.1447481420600543,-0.670195214084338,-0.002589120560302722,-0.5163268676335676,-0.4552205603673267,0.08367949030373188,-0.7787888275124707,1.0148027605750207,0.7802843938673557
-0.13426528450481634,0.17109465128200824,-0.8530212986448636,-0.05862712550248657,0.42102140570689406,-0.8265367700173406,0.5557047777009663,0.6757874385784489,0.34499143825057443,-0.17386671118406055,0.5485931002425317,0.021755404927153398,0.03232518138621338,0.0535517830911484,-0.6011560966398442,-0.35634246312267054
-0.05565863090931456,0.14325679626153157,0.07208714388945693,0.10077309652734055,-0.2419098300938004,-0.08382845460582478,-0.32333843409924823,-0.3112397571076417,-0.34506268828014713,0.026672348528198307,-0.2829920483428501,-0.35739395529230367,-0.21787977282334933,-0.4036786769373098,0.042098996920002345,-0.00489888739291061
0.23904231751487062,0.028315797402360503,-0.27954491806436177,-0.19046162822648124,0.3226200945927731,-0.09008310027938908,0.2979818470332452,-0.010344181387055689,0.0657345699381079,0.04553180443091458,0.08310153315995294,0.062338871476887756,0.21316712020498443,-0.11909830412524548,-0.2680887644414878,0.0562841782852289
-0.1340604579486354,-0.2342602326346059,0.833232664164151,0.09469817788404036,-0.6630668083076994,0.7024016995389083,-0.7599864817729697,-0.8706701130042909,-0.5446124348900737,0.04982319227054685,-0.2033214078359343,-0.5026179861805645,0.15751717712949692,-0.561542021850077,0.6201394931019137,0.23340347279756582
-0.25812960854378597,0.2155228012040968,0.052807628731370564,0.31984706850181877,-0.04071253714097729,0.2122838698986653,-0.448682645384505,-0.007042315226282234,-0.2649543887992052,-0.039614006667521094,-0.19718315159219757,-0.10236156545368981,-0.03569209176791089,-0.29723318666457516,0.030795049791561384,0.2627507026054852
0.1409634734510129,-0.004175684038996844,0.1322296847809016,-0.08405116552650851,-0.15301601208553248,0.12489685172112415,-0.26020097396399255,-0.28151337381394015,-0.3000147764552138,0.22816515402401633,-0.26737254318475207,0.09896406546233857,0.09113695247974056,-0.07643116782416477,0.008664717514737368,-0.0960224908443156
-0.15186644125726156,0.03554412291686772,0.3079233147527252,0.16953212521435368,-0.5054595663403134,0.38286764473691814,-0.35983817453843264,-0.4201385930372219,-0.3464700958919865,-0.004409292619540722,-0.3234768924306094,-0.14653205963593577,-0.08939789623645555,-0.05755315611070543,0.43230169600228285,0.018098210023814114
# Weights from hidden to output nodes:
-0.22851429321045738
-0.306966662926082
1.3540565736015153
0.30168575882463594
-1.4227927551342807
1.5093588016403687
-1.7189989044862468
-1.411899451728901
-1.127631806893608
-0.02487489697980919
-0.9699898379913896
-0.7559733488858859
-0.0844368732232207
-0.9058451589519512
1.3388519402909895
0.6857920243931935
# Biases from input to hidden nodes:
-0.19554594786293644,-0.12226459220205084,-0.17400750021990102,-0.15912969383208664,0.1943244480309169,-0.23340246183133506,0.20931465670756055,-0.14078629685757288,0.1983444362338871,-0.06289237263070888,-0.10597891401041985,0.04077251950909216,-0.23515374260168356,0.052363138688900086,-0.4110571278514455,0.10434162045817826
# Biases from hidden to output nodes:
-0.4282870559535211
# Number of epochs trained for:
301
# Mean squared error of finished training:
0.0016481731972786899
# Number of backward pass calculations:
1801184
