# Weights from input to hidden nodes:
-2.482661894599128,2.5849967650225105,-2.7212885066125927,-1.995683120405374,-0.03772098480002457,1.184982847122833,1.9224933579627883,-2.077786417599143,1.0712103784725846,1.0253503951620058,-0.24217145203832877,-2.054208770469319
0.421838261303914,-1.3958661507792687,0.009139622875392633,0.3775240774297375,-0.3634571652208269,-0.4443018062860989,-0.8552023247635633,0.6673463689714377,-0.5927801178371488,-0.6726626668039284,-0.25846777039724167,0.09793272500580048
-0.6354359636838157,0.03747944690762237,-0.330029174312822,-0.33785493083695983,-0.11897090151086781,0.25029884989421575,0.3594336195223779,-0.15777102884467883,-0.013966068668766414,0.006529206561090309,-0.36314199348663107,-0.45814966654348105
0.19910455970226795,-0.4832773270846179,0.10978742382498685,-0.09484580891609681,-0.19936306592999503,-0.09386947106488959,-0.27269870835119026,0.11785409401646149,0.04868041215071199,-0.04564601689768433,0.09557204629944278,-0.14155244590943666
-0.3394297251746795,-0.15596808394805498,-0.036479495116556175,-0.35174405973607265,-0.05239818937088455,0.09874574410853991,-0.03416201104376693,-0.78714387896832,0.1856707351519584,0.275943235698907,-0.05778362673451969,-0.4246581092990171
-0.40065594118875864,0.37869949895198096,-0.3451058410386595,-0.0757927393599199,0.01954054452842282,-0.041381211801887266,0.12534970093133135,-0.6040878472324286,0.1570588149011788,0.3705070424648026,0.2645240430432782,-0.3946278401643467
-0.07129523280603528,0.14612248826192914,-0.21073047987109292,-0.38169940417649667,0.0137146705763349,-0.13921963604265877,0.18069841999937972,-0.29028961062914693,0.18407693189160662,-0.14410068941088947,-0.22270459250883948,-0.047008640255866166
-0.6675618741154784,0.7216247090944944,-0.8392013909348247,-0.55504932630443,0.03270167502091085,0.23809237842771533,0.39860044178315895,-0.7845358837776177,0.18500071560089731,0.540402524445722,0.02541671758256115,-0.5656057916918984
# Weights from hidden to output nodes:
-0.4723772290141401
2.012117154144209
-1.348069657756146
-1.4104572629680796
-0.4141483938502547
0.8374151733983429
1.5183475045388264
1.638761145183065
0.8571748628754704
0.7244018872767035
-0.6033749985452261
-0.5443970465925422
# Biases from input to hidden nodes:
0.434215846598524,-1.111545785089249,0.7211439296056738,0.49566749313194874,0.01461002609100903,-0.3311684682629478,-0.8102675968838966,0.012522322968756413,-0.5129421291332474,-0.34543825111889087,-0.0901064808841371,0.24073167149167912
# Biases from hidden to output nodes:
-1.9198726824841794
# Number of epochs trained for:
5500
# Mean squared error of finished training:
0.0015274971644368268
# Number of backward pass calculations:
25172576
