# Weights from input to hidden nodes:
-2.492009343129186,2.732032350909911,-2.7060022159649186,-2.0489992428505155,-0.2630578260392767,1.0983675473542607,1.9392662736236237,-2.254884024560685,0.9761501716982082,0.9835145143550905,-0.4562576484367407,-2.0765050559716105
0.36432774671179774,-1.4006698125139116,-0.06843514698762879,0.3178249493853889,-0.3886260185157701,-0.432737193822858,-0.8348745919777677,0.6852008853622763,-0.578522531319381,-0.6694884672345089,-0.2921198106115495,0.045371372044455405
-0.7209239868266619,0.0354146135924685,-0.4305278855276189,-0.4345193346033946,-0.21773417091162417,0.2025625452233966,0.3477086394681679,-0.1824166970132646,-0.05590349674647577,-0.034235193608742456,-0.4613569469510881,-0.5279648298868855
0.13784043659246822,-0.47331204793389114,0.040387450140632226,-0.15756425730062049,-0.25405009112270666,-0.11523799964410467,-0.2657388578655129,0.10294261331137769,0.03161383030041447,-0.06387986927724362,0.03807575133074944,-0.1936279305058996
-0.3835166620520087,-0.2115755927869097,-0.07648400666814074,-0.39615370832593194,-0.11966874074633833,0.0874631375884198,-0.03839418705141813,-0.7835927795686977,0.18501615535149438,0.25870551319771623,-0.12804145671621683,-0.46293282894377735
-0.423758687009017,0.36106106189459164,-0.35915223195924323,-0.09083880645706835,-0.038663522591887184,-0.07181252329724135,0.09564717301878413,-0.6433540335986936,0.12546165702677492,0.3375647368889949,0.21048631128278708,-0.4129956915674339
-0.10058371292257134,0.14856234938200477,-0.24803354923687435,-0.41694395210927354,-0.03752473292530178,-0.15703797216316764,0.1673292522349964,-0.29817110800219815,0.16309454117846645,-0.16676425647012189,-0.27333111562710977,-0.07127122496828793
-0.7008529952930274,0.765938071014353,-0.8691923068794983,-0.5928907321070537,-0.05262863686652198,0.2047744256858527,0.38758658366786003,-0.8524497549333693,0.14425491484998135,0.5111812274808746,-0.055039646764914366,-0.5931384258782104
# Weights from hidden to output nodes:
-0.4091132195169331
2.299143193527496
-1.1170575019948266
-1.2000115712255948
-0.6393252599701053
0.7684363011741789
1.581478106019448
1.3220503016826493
0.7458194123770436
0.7301471084266076
-0.7914362290284294
-0.5123538255917848
# Biases from input to hidden nodes:
0.37853847709261995,-1.2849300370007493,0.6545693538003485,0.44921125117194866,-0.005220457106634827,-0.3813363077114927,-0.8991913947177687,0.04278497067745363,-0.5484833993371369,-0.4156906291363571,-0.11088687052725021,0.20319478504714567
# Biases from hidden to output nodes:
-1.9178499913231424
# Number of epochs trained for:
3000
# Mean squared error of finished training:
0.0015113252511390943
# Number of backward pass calculations:
13732576
