# Weights from input to hidden nodes:
0.12807228055169462,0.040694131211234996,-0.11819829223870504,0.24871661371817322,0.2059923098942994,-0.1233710764444973,0.21942695745614038,0.09949785979503206,0.05344970006928024,-0.09359424015982432,-0.0474814389242027,0.13859929876573418
0.10989300330804336,0.008519549469818977,0.012773489054076215,0.05134169495560437,-0.017711805912712764,0.15476768825632692,0.1832409338339827,-0.24026779102623874,-0.16244978306193703,-0.19456568354516035,-0.15043733054972563,0.10911242015719985
-0.18173145419638964,0.11151610679568247,-0.08984955144935264,-0.24692881274254747,-0.11981082522669789,0.0791762798209813,-0.210215755353312,-0.20612431776218615,-0.24456649630634109,0.2171528595793148,-0.018683102655718875,0.013466877390389709
-0.1697403413730239,-0.08064646618432936,-0.16121091935045828,0.15419525768517528,0.19535153129090455,0.16179500498640959,0.1576309035544755,-0.01092701914837868,-0.07782257377767932,-0.20556372413112056,0.21453236199268244,0.24409704510888663
0.017648203208899538,-0.04021017626593526,-0.06826468978352518,0.2480870792303086,-0.02664833727538779,-0.074265786598741,0.10766727106959406,0.19269156234659823,0.11376051104619544,-0.19022203140475058,-0.22146629816277558,-0.11368447767168205
0.14029841560764067,-0.07436698952354015,0.05933275110205821,0.0946448344897432,0.08644067719569848,-0.06269920639409132,0.08041953421524178,-0.03437058867792542,-0.07506395905018892,0.020711084648512346,0.15280658419833532,0.1286574482143229
-0.20952530354337534,-0.21726564152217642,0.11558417850888575,-0.1217047385738309,-0.07279178685284593,0.09895720184990747,0.23206638680802316,-0.19173953003938582,-0.1214301183757876,0.17253196967433054,0.11667055346692501,-0.18780766606058086
-0.10226274792291606,0.21542554486401222,-0.14478320895974411,0.009158437816968457,-0.1565164163943279,-0.2045785204832518,0.10938562374692462,-0.2046975365297693,0.22666967048928166,-0.08316653499233789,-0.13561481190846164,0.11268085053414245
# Weights from hidden to output nodes:
0.13837014433100167
0.04751454578007877
-0.12685226211872908
-0.025020835940290503
0.07820913808697968
0.010599098077126196
-0.1344622513332571
-0.09605195110302436
-0.09088969628922075
-0.08573213477583115
0.0908005254936857
-0.11887786084613897
# Biases from input to hidden nodes:
-0.08808808878756857,-0.18691867118388283,-0.03926753984954978,-0.08856760477841086,-0.17816403035937062,-0.06336674155616667,0.1571075851458606,-0.1507753412251857,-0.04874894395381468,-0.12328399577252103,-0.04387267517657173,-0.1966482509349532
# Biases from hidden to output nodes:
-0.024606360756725204
# Number of epochs trained for:
10001
# Mean squared error of finished training:
0.39158637995696194
# Number of backward pass calculations:
45764576
