# Weights from input to hidden nodes:
-0.45199041573417253,-0.022615985032912924,1.2411957654725607,-2.065814178169809,-0.866660554273889,-1.2706462470969893,-0.4177300020634654,1.8146402312653267,2.205992688563573,-3.020215581115524,2.3083213052787617,-2.380770598564711
0.04327297936488259,-0.06443416536152687,-0.679989764076161,0.609728129289494,-0.06040566685203054,-0.17517333983688677,0.00024179384829308218,-0.6583408866087241,-0.9304054030280378,0.7653584088106871,-1.014355437680587,0.34919344925887913
-0.15868262245739387,-0.21870870651128294,0.007385459441051413,-0.6446882375773983,-0.07970302146300373,-0.1533138370572917,-0.3129878931987456,-0.0548318900531062,0.3057296618698516,-0.27653510468510717,0.4622692511138774,-0.40718334849529014
-0.11516317355374699,0.1269681116360808,0.13750278687530473,0.3899452738743776,-0.26559520816681537,-0.07709185375624227,-0.07069138549993527,0.003079987391026004,-0.46311305985684553,0.08977965308743086,-0.5530895576907693,0.11779883163227962
0.03334470590252339,-0.23113055119730697,0.08319135553729204,-0.7316390022530259,-0.5648636087819255,-0.10863733696561059,-0.12124214652889037,-0.0800287912564849,-0.38042630434264174,-0.5015912868494597,0.09256233330639985,-0.5588243647397331
0.2737917215435251,0.11586140626082331,0.24401399393744744,-0.24334428941770464,-0.19590763770635028,-0.06418853087770772,-0.07641092570537086,0.08183191344090526,0.1564312505951182,-0.13169135328517853,0.1340501002102746,-0.16265264187672482
0.2183675330797906,-0.24577275162991868,0.5625335239431631,-0.8957264756017262,-0.06459455029106881,-0.5200199250320632,-0.13975336973377164,0.16710858348314853,0.7247569268443681,-0.5279943859554096,1.0063905965248572,-0.6978069782589162
# Weights from hidden to output nodes:
-0.6713707581151092
-0.4729191766631928
1.2050438453837455
0.5812001019262818
-1.1268840822395458
-1.227522479856831
-0.8290037774556148
1.5979003083572692
2.275704617885359
0.2083687538019752
1.6731182157095812
0.007647986710927191
# Biases from input to hidden nodes:
-0.05809716392190702,0.09336954400279582,-0.7776163295720622,0.35042356967198,0.3845135008774436,0.06611665899723558,0.29480153540766113,-0.696201959513411,-1.0408115355007184,0.6830934594406943,-1.329585666249516,0.47383178368392237
# Biases from hidden to output nodes:
-1.6189447838682802
# Number of epochs trained for:
7500
# Mean squared error of finished training:
0.0013532598645707111
# Number of backward pass calculations:
34324576
