# Weights from input to hidden nodes:
-0.7384719268877622,1.8599213772641894,-0.5253554318340181,-0.14565002639665317,-0.09402605827285075,0.9226850203574635,0.9900165090069765,-0.559194041402599,0.18292229830265105,0.11485528979943904,-0.29264114115198075,-0.41864029098298944
0.11495188003025361,-0.24545078385997984,-0.3060807063590147,0.2624679816601091,-0.19816566781988867,-0.260869890328462,-1.55883829941148,0.5569819499155044,-0.22752016737065403,-0.35696461551077274,-0.3902464918916669,-0.07402347664179355
-0.2916964374697008,0.16590470596378565,0.08123467357123842,-0.05910434929732218,-0.012906589004247508,0.11542406535501445,0.1715553811474288,0.34038043684210145,-0.011313492655710859,-0.06739113120016392,-0.37811578177230554,-0.03526723974169579
0.43100664801046124,-0.6438826717883067,0.27467792901083876,-0.04290331394619421,-0.11581027256784641,0.6280830847128156,0.8633942431932768,0.25442855061040626,0.1654931221795178,0.13999725379295147,0.2605819782089746,-0.23468166153774106
0.12206629955007409,-0.12063483619212355,0.2861901844174505,-0.08579502408059302,-0.1024206441587833,0.2593781539686512,0.2214029187129939,0.337694500376184,0.13015798698269973,0.20824649906710607,-0.16302605498217795,-0.11881821530611027
-0.04906150841961608,0.19527439307398636,-0.094976035992501,0.11278015467497887,-0.02674443565798266,-0.2770000418776624,-0.020050373275101473,-0.3966944391997085,-0.04218374948604456,0.17001376906171994,0.2824626725067209,-0.014521286933211858
0.07332935114643045,0.4185897172148306,-0.2091597956819208,-0.28643597349152095,0.05038040750720089,-0.44519687843686323,-0.03377319775883498,-0.528524647289665,0.1761122262461392,-0.1617037523946013,-0.1795967010037372,0.23854596785897184
-0.22194928003023107,0.3235945329532539,-0.42247516299583354,-0.15863288386666236,-0.01208205377507824,-0.4298371398990524,-0.18625395786872867,-1.366550472846611,-0.07972419952475943,0.29095315813624434,-0.012267703586670864,0.019995809931658698
# Weights from hidden to output nodes:
-0.425229230375027
1.5049794342435836
-0.36724140306837666
-0.039557449555163
-0.10027297484033978
0.6790625378801087
1.0535459666678157
-0.8762335459716131
0.0017384369241616624
0.04886254244649255
-0.40277209665500635
-0.1920075565299017
# Biases from input to hidden nodes:
0.5303476794774292,-1.6326711147197535,0.20539537369428262,0.13670468869642868,0.16937381442959168,4.359593982822247e-05,0.4916770853928846,-0.3146206355384361,-0.0982145781037279,0.08904726027574981,0.04523273325651327,0.17718457415256286
# Biases from hidden to output nodes:
-0.5665260055877914
# Number of epochs trained for:
4500
# Mean squared error of finished training:
0.0008881359011600112
# Number of backward pass calculations:
20596576
