# Weights from input to hidden nodes:
-0.8642869873279218,1.8220586637241514,1.5544522050035559,-3.6740061669700297,1.402620566233819,-3.4906892286078155,-0.3343426373063785,-0.3488669987096597,2.4199651501471093,-3.4855480375556027,1.5352380221592825,-1.2113881755583393
-0.07149779969902186,-0.8811184888343042,-0.7081016523697787,1.8339730780870083,-0.397122040157229,0.5495507428416427,-0.011826061645159662,0.20054944097965627,-1.1588554035731577,1.3119253122466468,-0.6978992936278761,0.3167675837897317
-0.07835936506721425,0.18020375400685032,-0.04693281846193729,-0.44415270047472777,0.01656175580168448,-0.7084991508369117,-0.17930070351506783,-0.09895668652280784,0.4322230809297897,-0.3797692991710933,0.28419667383072567,-0.16796292738170857
-0.10329215788727511,-0.31938552861915837,-0.3254191697736355,0.7397659910671347,-0.36584931338384236,0.2596537752334128,-0.3012499766741034,-0.03214933720617988,-0.2820811784387224,0.3123861794862686,-0.10815804804495344,0.1061756677636177
0.16252095561899413,0.18528921096261544,0.16009957902990715,-2.7702999350802466,0.20618963839967536,-0.8860115806071799,0.29440623397956933,-0.15693599301215772,0.3419780996924158,-1.7146433820601348,0.14360169831255004,-0.0823639472308165
-0.024579670322519648,0.08278965447558671,-0.032137036677424256,-1.3169077045004396,0.279210515103659,-0.2731435267366054,-0.020943839676833866,0.19863450373995206,0.11924435861610615,-0.8617327841522462,0.32947384622887116,-0.13738775416770405
0.06954489600703193,0.19308953961664285,0.0019285084966801933,-0.09536135198965107,0.14709765418378887,-0.06210197430538823,-0.23931400072205866,0.052096456541033107,-0.156999927462543,-0.0013750885042998133,-0.13238529918888603,0.1643287587251507
-0.21721397773720885,0.6473927762849021,0.2680690756759942,-1.5861647028100005,0.5210601596069233,-1.1270403006803626,-0.0997962588579391,-0.273444881661796,0.7026979306566565,-0.9306526479010454,0.6709982733391021,-0.5132925782425201
# Weights from hidden to output nodes:
-1.1008616748700897
1.7523518831170488
1.3188799414049204
1.5160728575193612
1.1141258241912764
-1.0482261455214297
-0.698122677363541
-0.7541576046639659
1.502233679676594
0.4044846227076687
1.3978043829185631
-1.4667720673906213
# Biases from input to hidden nodes:
-0.057807035201886056,-0.9740267446237428,-0.4761455106974217,0.8545420275178777,-0.5549358051334751,0.9223443556482473,0.06749325896683413,0.0374139033729863,-0.8778995874086402,0.7761698720372934,-0.8602497638645222,-0.034606676577623556
# Biases from hidden to output nodes:
-2.1726119002160686
# Number of epochs trained for:
1500
# Mean squared error of finished training:
0.0018919099630004548
# Number of backward pass calculations:
6868576
