# Weights from input to hidden nodes:
2.5814323376949435,0.43395816358039735,-2.4774991022819086,3.030591299936541,3.2131520699674976,-2.6848916063145474,0.1504426558909444,-1.5919384906700709,1.431748098644383,-1.9070630674966262,0.5935982152631433,-2.351795050489632
-1.4294379164041016,-0.265046888699966,0.992948286712344,-1.4168015778114191,-0.8236438602733926,1.1967665551490934,-0.1923284767342659,-0.6372181792021525,-0.6857825357879587,0.5945676578485286,-0.6302825116031039,0.14679331138775886
-0.046645676949552746,0.03824901806319949,-0.9258542925423057,0.283532942720876,0.9916442849667434,-0.8175968408266947,-0.4073302894562782,-0.7577259181544814,-0.1671209643659638,-0.5140783819204441,-0.06617873965542989,-0.8815273425777495
-0.9865762706986089,-0.2987261477501655,-0.026871553270306662,-0.18999239260971065,0.5580271312453842,0.3406369216543839,-0.1364223498848983,-0.24740334262392802,-0.3676331436706281,-0.1652069947257222,-0.051751075218144316,0.08982321751524087
-0.16733867888806067,-0.005584406114324213,-0.7657018016122153,0.32320357803880834,0.5751723156347543,-0.8144031519811211,0.014863935502375846,-0.40578829611828426,0.247662778957641,-0.6999099042714214,-0.0798764781712513,-0.8620883177196313
1.2124653024398382,-0.0995317261362995,-0.11645973789675426,-0.09985312630403671,-0.7799266351415086,-0.1815390222740959,-0.02530898682240852,-0.17629031446449003,0.05942274801309234,-0.12233955685437177,0.21943157307438793,-0.02255024450586691
0.892409960605549,-0.2863023816526804,-0.1082577350093169,0.057359619169508935,-0.3989819989410632,-0.12980705708773077,0.04682367842947905,-0.46921065689261654,0.08530820250152228,0.013777053508105912,0.08942126005789662,-0.4602919507460184
2.0857200330553782,0.2753363864089064,-1.0426339794777633,0.8945807787774364,-0.33727496647832256,-1.1273992373464077,-0.002007494132551577,-0.627246846197024,0.7843899922830606,-0.814680448632187,0.06427809022431788,-0.6544135737270631
# Weights from hidden to output nodes:
2.107242701675564
0.07956963416900974
0.330407732564076
1.20985172290046
2.152962322324948
0.10817286546441615
-0.22931039223766414
-0.5335282926507218
0.8281927150773335
0.8311112805473766
-0.028321344883314503
0.5087683966251864
# Biases from input to hidden nodes:
-1.4925372497108291,-0.6631639091692281,0.40018625895180576,-1.9656447573776423,-1.6784948349594788,0.40747527010819007,-0.28088471109307045,0.09301851800544536,-0.9313719150182824,0.1958160126218213,-0.6309720437271995,0.3240065490315233
# Biases from hidden to output nodes:
-3.109188224079589
# Number of epochs trained for:
10001
# Mean squared error of finished training:
0.0013116820374843912
# Number of backward pass calculations:
45764576
