# Weights from input to hidden nodes:
0.8638577622109116,0.414350825145942,-1.2215299743768302,1.6348607123911483,1.1524858977635288,-1.4179362779051239,0.2726202833874111,0.09388553425840855,0.11564434359086043,-0.6000052913935767,0.2743203638327864,-0.10866464839102635
-0.13567538662511552,0.09798115381133217,0.3725603950263614,-0.1253514674828643,0.03640703232003768,0.5035816664208317,0.050444767906375206,-0.27883869561689884,-0.13472815182612632,-0.17874327927635147,-1.6754786908313093,0.3352698243006038
0.3753829987279209,0.4695839189790103,-0.6916829447523722,-1.2782820984132408,1.11646879434748,-0.4938268405694498,-0.42522120237368954,-0.40998677834861147,-0.17881628916337233,0.12004870430222954,0.38306833982148636,-0.17713597589932117
-0.3651518855093692,-0.05394715491001687,0.25428839295447814,-0.054361104201301455,0.929347232902319,0.5559457066624779,-0.01129253829970044,0.7790371521251591,-0.0503342200211384,-0.4405893160707281,0.8640995911731851,0.316115406219228
-0.1881730251025623,-0.08315476971118388,0.3279699764839674,0.045382811707238194,-0.16238696954486428,0.29348105358145987,-0.0733423555171204,0.019874081113087687,0.1352613705271436,-0.29270274162362253,0.11550504844885094,-0.029084030021320057
0.15929731423931243,-0.15835252090453442,-0.0696976666311227,-0.021169391832553626,-0.003949772294672607,-0.10409903097570597,0.1567212298487093,-0.22136178727259892,-0.08473989063830713,-0.051657317362274,0.28876397736807446,0.008568995100430328
-0.2335019367033835,-0.21713124041413534,0.3136687814355424,1.5446473070206301,-0.4939464243533275,0.22542988609578518,0.24521270348519306,-0.49403146732594627,-0.06866474573243724,0.29804143789718435,0.218898051587391,-0.30231572621316366
0.04635369576706268,0.2709817364956255,-0.24466822976982572,-0.14678868236837475,-0.47142888071323635,-0.22094022454621237,0.22608426435001627,-1.6764849389669547,0.23286834716959884,-0.10217317665703454,0.034060138520340406,-0.10693138029438007
# Weights from hidden to output nodes:
0.40858893026672133
0.33139365174079854
-0.7927116117471
0.9918583459165862
0.8954264574906333
-0.8387639234969553
-0.12496442366058036
-0.7219349878048275
-0.07271649939104369
-0.40251039059693006
0.8482130532933829
0.010244651787270301
# Biases from input to hidden nodes:
-0.696125132616197,-0.3599311471609905,1.2221033500715464,-0.7467121142924857,-0.056321001767732005,1.1349818905669702,-0.09950991982371692,-0.10827817851351182,0.006717787762581544,0.2673521451127765,0.3831626422334128,-0.0674584066133628
# Biases from hidden to output nodes:
-0.46611985426559
# Number of epochs trained for:
10001
# Mean squared error of finished training:
0.0009195733845525219
# Number of backward pass calculations:
45764576
