# Weights from input to hidden nodes:
0.40501988715477805,0.27758787950818,-0.7760523156963475,1.0442468405499272,0.863700374520122,-2.6926528388038813,0.3887161788665983,0.06032345520675705,-0.4220276427970938,-0.26516077709667357,0.2199430152592953,-0.07938401157717477
-0.06491940776891837,-0.15845934995282826,0.5313126692535574,-0.28793368070793035,-0.5575558172641232,0.48455902330337036,0.14756396309886216,0.8382928771775227,-1.0081156240151488,0.004773605015052748,-0.18268308000814024,0.16125212836274128
0.27216562229277813,0.435112871572668,-0.6750931169993433,-0.9100269000894815,-0.002220302027029404,-0.2839032346813893,-0.4283830930570485,0.37860719957560923,-0.495009650566545,0.0406643368061875,-0.125495316298461,-0.08468541597775818
-0.22509660263255277,-0.09657577011932407,-0.05727631888303359,0.44715320940769254,1.4384518068653291,0.24707601095158377,0.10527420973329077,1.0718514257948346,0.3989173811375384,-0.11251921398331914,0.3233188912183151,0.24023683610035435
0.0393749773391257,0.04082345835080725,0.08930596175075285,0.14266060405531786,0.03872779529843899,0.3514141209049751,-0.16045248543428758,0.8714643865834257,-0.15034534665305022,-0.01869313704807356,-0.32143349615536443,-0.03628720273909627
0.192468220992797,0.029635758278822904,0.4174754318115913,0.46102129617361914,-1.1350599598584934,-0.000573225404590701,-0.17911865787010756,-0.5670165557276243,-0.27482754173278673,0.1479753722539293,0.02775769486960873,0.17498772644089225
-0.3114268769859023,-0.42381487408322654,0.18144184310260136,0.9398273619984955,-0.22771743192010588,0.06246642150738945,0.448039591012658,-1.0696345425497773,0.4823966284636645,0.18143026970430784,0.29153258273875104,-0.23808363508265473
0.04126538019139005,0.42523109712572144,-0.15158329009226215,0.595923908974904,-1.5183861327765082,-0.7230613693518572,-0.06466671821888871,-0.6524444140191046,-0.23800117248659655,-0.04688459144822122,-0.24802026530168753,0.11607977041730001
# Weights from hidden to output nodes:
0.08266410248974886
0.1389376034053518
-0.16973049146818125
0.31429126000844565
0.2776660748413672
-0.4950182801235648
-0.1375006452463621
-0.34807690105387323
-0.34465016752143385
-0.025021629259954964
-0.03258254697244012
0.02244079623651634
# Biases from input to hidden nodes:
-0.18461753645422616,-0.3094677871794417,0.4134546243895209,-1.1659136735937037,0.1517296670709047,2.1800259178772636,0.04936727562734255,-1.0858800384527272,0.4441523898247867,0.047858317818641485,-0.015313232613639689,-0.11764357864199905
# Biases from hidden to output nodes:
0.8160943872101183
# Number of epochs trained for:
10001
# Mean squared error of finished training:
0.0015572274378241216
# Number of backward pass calculations:
45764576
