# Weights from input to hidden nodes:
-0.09332905346787135,2.479781520560066,-0.438421789204115,0.11690921247295485,-0.015865310310401948,0.5927405734687097,1.2219207822230422,-0.11850617020266652,-0.06471089551023795,-0.6709232919675603,-0.10949179872523729,-0.05606112058150786
0.03239719541672742,-0.45347069887476354,0.5923108488910684,0.7561262192996485,-0.1960276657270223,-0.24709020039276455,-0.3939660838908839,-0.228143300765484,-0.19695327128004064,-0.9135710924829095,-0.059675092840683175,-0.23539575197916274
-0.23963129975481695,-0.03475719380751142,0.14253546111205245,-0.047012821856914355,-0.024023104658679073,0.27893252379984257,0.5587552537974848,0.22489987724258953,-0.12180938977971467,-0.17178263196087679,-0.24888597195373113,-0.09973130560488574
0.19368050877934645,-0.6106955634182419,-0.13326908529858802,-1.003856838345854,-0.14169301033124326,-0.03222151178095639,-0.05248623646130705,0.031755422258232247,0.10484207753194291,-0.084629974065256,0.16382990569481287,-0.12594709320012387
-0.022118465480455707,-0.004086318163113042,0.8341051071110847,0.1091783887107726,-0.14200292921264557,0.011873807867127509,0.02461641276544071,0.015060055214390022,0.07789314448679324,0.4093559269297725,-0.20002839747520806,-0.12625410028400147
-0.2168035511298499,0.16095178852198852,0.1154325262466723,-0.039909049276101935,-0.081548865528625,-0.10075704935391674,0.010130570213710277,-0.2181368466448232,-0.062702050974912,0.0047316999079104844,0.1472180842104573,-0.1879956514850354
0.06325049234095181,0.3246136814812728,-0.250425868060402,-0.23256553857051898,0.024479496891649244,-0.08816003163514324,0.22589956407788309,-0.1276555322530476,0.13326231109842174,0.35270646461032773,-0.1997348000994787,0.09071645794650574
-0.05790237448704888,0.8258045266902952,-0.33634218891858375,0.6890067649103706,-0.004707443519741117,0.20079002044020647,0.3330968138175901,-0.13812311423840568,-0.18625246136315926,0.28275939685359824,0.01501378969988193,-0.019460283648891075
# Weights from hidden to output nodes:
0.052527492239109436
1.1101870727099599
-0.3938715038826095
-0.8441752307207128
0.03842153450165617
0.2574478602623087
0.5725734955168892
-0.0966112753604218
0.06220833009063828
-0.9398391122540286
0.05953518446599218
-0.035402788292562964
# Biases from input to hidden nodes:
-0.03536900736111026,-0.45955938508674515,-0.11821747135446892,0.052471575269541826,0.07307706612272136,-0.13816168818611718,-0.531685362262926,-0.1512151424712861,-0.07128392175193865,0.2726673212328514,-0.05753739501576327,-0.12787136867848853
# Biases from hidden to output nodes:
-0.8125459067157672
# Number of epochs trained for:
8000
# Mean squared error of finished training:
0.0009669582366272055
# Number of backward pass calculations:
36612576
