# Weights from input to hidden nodes:
-0.3175332496018373,0.846162922253872,-0.37361923931748814,-0.03287939004761079,0.10496054631148254,0.33087895915185583,0.47859697205268253,-0.7662479998070968,0.19146853484321838,0.10859625736725952,0.05288974179953035,-0.2525590849672136
0.2298355510729131,-0.9357176900833863,-0.09452405199765443,0.3700659637396797,-0.3165793309485209,-0.3179205268060055,-0.5647732482183397,0.34676544247090346,-0.45296807183984705,-0.47773685054600806,-0.22068704934791014,-0.05767950159947329
-0.22965620934586417,-0.31606733778657564,0.08092352711167623,0.059483201968962646,-0.04775513949340037,0.09986560353124654,0.07554767893279453,0.27153402872705756,-0.16775027120011915,-0.16012035109811523,-0.27931046735683046,-0.08540782984482402
0.19297268467693726,-0.18699793191531433,0.18071668773399224,-0.02180835685341311,-0.14551994822211353,-0.05744817960758864,-0.13824295245260765,0.02245120439446639,0.09393579536477994,0.03615101304675359,0.15893982389678943,-0.12517120280613478
-0.22274107543439678,0.5653683264856291,0.11986723789291447,-0.21478368609523904,-0.03349901997013463,0.21245489043054994,0.3528858674512445,-0.5662370617777591,0.307349299082067,0.409931847815359,-0.05425429773331473,-0.302209329698044
-0.3949595541860628,0.663192310619901,-0.2405963373501357,-0.007123382711188237,0.04780730113959236,0.011353964185006213,0.27692619545527697,-0.7994814477855632,0.19092565608007586,0.3999090605085081,0.3172382398273742,-0.3554569681588326
0.03482138334404429,0.1925305248424845,-0.0889974135809515,-0.2539129681450416,0.05725390995067298,-0.10119157013523197,0.2392643622067024,-0.2536044276817301,0.18856453079539187,-0.15469466454123762,-0.15792190699547584,0.05967742910819622
-0.1787259118685057,0.3123371781229439,-0.31182357420620777,-0.10080095554708109,0.09173031012265595,0.09684125557355654,0.11630099586631418,-0.552601360196007,-0.002385579967987288,0.31152168089574817,0.14095091272704505,-0.13610590166460979
# Weights from hidden to output nodes:
-0.7169638456766189
1.4711485820013572
-0.47734026218113623
-0.5163268851419142
0.10786867250958565
0.2735098417559912
0.7174590050683496
-1.4246762557242205
0.44290909561143604
0.5890279907507456
0.17234715738201573
-0.5479990126652248
# Biases from input to hidden nodes:
0.002087940722960568,0.001250208850192276,0.22317177392028967,0.11135933751651259,0.05885980296808747,0.05870117391474496,-0.05107284167341892,-0.08250988212500816,-0.115384006336061,0.07237853676805422,-0.07807135651155933,-0.09754512856795466
# Biases from hidden to output nodes:
-0.5096006679712234
# Number of epochs trained for:
10001
# Mean squared error of finished training:
0.005274480636557306
# Number of backward pass calculations:
45764576
