# Weights from input to hidden nodes:
2.811366810879742,-2.564375043194382,2.2555822839853854,-2.2679101102032067,-1.704416679744255,-2.756884344785979,-0.5092243776794264,-1.3251364513851178,-0.18363302933099837,0.4361234724710314,2.1752657268264817,-0.9477845927040706,-2.0528351061370804,-2.3979104669719997
-1.5578479896627033,1.1907411781507895,-0.8196709181208486,0.4342717813787997,0.4905863335587686,0.9386898981169083,0.02076300814358685,0.20733470197529957,0.1171757707059896,0.0005696517184706142,-1.1420122243349895,0.3813219327632023,0.22515867260513675,0.9664564463500482
0.3185015004522748,-0.6213218979616679,0.2163148133876027,-0.24872946391515613,-0.41533863232879265,-0.31118860916246577,-0.1580365649906487,-0.03421282644492857,-0.001640743504486428,0.18139593064215787,0.13266263096294978,-0.4090104818424512,-0.3511372297458288,-0.38954366784155686
-0.4263564016649068,0.04217937830806075,-0.22875745469345665,0.19917799304400638,0.07961845949312986,-0.0800660105616344,-0.09847100344342902,0.15033784396086658,-0.23743507003366862,0.06081803418438315,-0.07341946009715009,0.16872136675390595,-0.16458851110219846,0.39940141805689167
0.05141264581032225,-1.01937147095424,0.13639727900474682,-0.6084995527237794,-0.39432722788227015,-0.5257793739103461,0.022165177128602633,-0.5412851944808776,0.03250684543647254,0.21971938511150685,0.9036863921401127,-0.43997951266196755,-0.4938308433185739,-1.0691494035463225
0.4867514573516411,-0.660867229032409,0.20320439082430405,-0.32281315624510654,-0.46663248721885436,-0.37831077304224325,0.2870124988522596,-0.2722656294098466,0.15490530839134192,0.054923900408870054,0.8521395961558876,-0.23745655442007582,-0.17014354047851757,-0.2919799926687632
0.028438575912000826,-0.46373341756818726,-0.007934544877483775,-0.464245156622992,-0.3169009250987191,-0.4180204187875249,0.12669844182790396,-0.2989413151256255,-0.11371304163330793,0.19260195165538294,0.36340317597130256,-0.3483466899769934,-0.24339348470320563,-0.06583159087921717
0.9669139442718327,-0.6613333274531609,0.5193841037387587,-0.7366842775302016,-0.29686602509462534,-0.9288438776545727,-0.28177561446132976,-0.269254380515055,0.26863468177389127,0.1482803595603098,0.6628972248744059,-0.17131080561691228,-0.535935153762048,-0.9368828005993665
# Weights from hidden to output nodes:
2.363595761896602
0.9303946386158313
2.122555620422133
-0.7372176366553895
-1.1925123483645426
-0.8209619471679016
-0.5695524928601249
-1.2231878302197416
-0.18309380695097974
0.3854809220648141
-1.0926320244874446
-0.9572630471334008
-1.193996415521566
0.9862053661321296
# Biases from input to hidden nodes:
-0.7333855457121823,0.09533744641251592,-0.5850783205264527,0.05278843267407839,0.02387102238246088,0.3629603751264234,0.1409903361833553,0.25269265423600507,-0.2113436582374081,0.039028407727725326,-0.11952049782657295,-0.1364914862997027,0.2127700650534046,0.17948871712614897
# Biases from hidden to output nodes:
-0.6872583243255604
# Number of epochs trained for:
3500
# Mean squared error of finished training:
0.00156142434265815
# Number of backward pass calculations:
18485280
