# Weights from input to hidden nodes:
0.8609216039914036,-2.135682367257673,-0.09452919610197255,-1.6413683446612937,1.6987838074144628,0.3806048808025222,-0.3185136726229182,0.3284944870359997,0.6199204606201273,1.1933478984410784,-2.1239836702209316,-2.14498702014901,1.2624276401728083,-1.835338689245961
-0.5509144918168172,0.6310415562298826,-0.09579318368518616,0.6190380456779918,-0.8287984610408502,0.045117060907846285,0.27612279855696487,-0.33063700247488426,-0.1672529895625122,-0.4255784631789222,0.4469854166321559,0.8078357567129455,-0.6134671896480981,0.49375353206180095
-0.08573032840602832,-0.3260673596432703,-0.038018650345755654,-0.31401623023740893,0.011730286274212236,-0.15799749435442903,-0.24618340311945094,-0.03723926386242267,0.14960752539892733,-0.09471448245700233,-0.2862123797352021,-0.7049164903961824,0.021201384916818368,-0.5233371562222103
-0.3171707153167177,0.15443594701568092,-0.1363585652366235,0.15999344730086637,-0.245319403569866,-0.20739480675361627,-0.16615394736463124,0.14375149510828122,-0.13068988164403153,0.04795844589416307,0.20173987583767203,0.3217289180542554,0.07432054349757851,0.16362873204247674
0.13649279735687375,-0.07983093429424337,0.1063620087910222,-0.32024071094415507,0.11527649984331158,0.22124130286321414,0.006913554572813956,-0.14471516448414204,0.17798374144635065,-0.044429147422783206,-0.5072280434310601,-0.3779193827009137,-0.1194316486384699,0.10221546822336354
0.2461251535203245,-0.23834385747230746,0.2279152837682741,-0.23062739195262996,-0.326722934832276,-0.02819015527025165,0.2212337394120342,0.023710482813502045,0.21876231674385754,0.12039432077526269,-0.23155776077759174,-0.21010580008889712,0.22195154203701264,-0.262961504356976
-0.11939399802611148,-0.19221073251569162,-0.019382407874129835,0.010476189434727294,-0.16040476538033632,0.16850912524782358,-0.1284883343400169,-0.07040425201185926,-0.24695363213109792,-0.24628945614414,-0.07430752536699797,0.09238670196602372,-0.1946284508812633,-0.06497670914284667
0.6442792178738038,-0.5620921804804521,-0.06461863326697535,-0.7085613694564112,0.47050044220156817,0.2963765361416628,-0.35536047129888404,0.3116473035017658,0.4683519353129647,0.5442768609308569,-0.6945347961206587,-0.8402809185115218,0.12426017535022137,-0.36065177886830163
# Weights from hidden to output nodes:
0.9143534034376801
-1.368445122524443
-0.317805220116811
-1.03192359737846
1.6732030954019281
0.19179934757215686
-0.6524528604118432
0.22818783605475812
0.38347108229608096
1.0210769085694065
-0.8031367563262352
-0.49187042600448655
0.9713248527501237
-1.5997638965508056
# Biases from input to hidden nodes:
-0.22314338129186942,0.42130971162586905,-0.0023490447583644465,0.06638983815300951,-0.4845122872539209,-0.1473776994944236,-0.22832862800456083,-0.26406194968562924,0.03183042262256217,-0.23975524799081327,0.5226091531676795,0.07812781563867018,-0.0764151756412589,0.42341757114579714
# Biases from hidden to output nodes:
-0.8688254103845627
# Number of epochs trained for:
3500
# Mean squared error of finished training:
0.0013265891252539127
# Number of backward pass calculations:
18485280
