# Weights from input to hidden nodes:
-1.3935975257847348,-2.8814252177476596,2.372587444840035,1.4195955046214541,-1.1019570177863647,1.3496144911207846,-0.8359352798790044,-0.7088684235244358,0.48337711373318804,-2.474222433572542,-1.7052700661491742,-1.4179188664302877
0.06303427538807867,1.2402261678592719,-1.3352222074510434,-1.0295899382697948,0.3961908512571985,-0.7236324573408237,0.20963042987421435,0.06153845492204147,-0.19301408757432453,0.899222440689151,0.2834588527449913,0.00985394110124659
-0.20116399922422817,-0.49116207598202083,-0.2228578747430065,0.27428516445125406,-0.48413997300963335,0.2167076510007441,-0.05560414164447716,-0.34401692224139524,0.06713662425075875,-0.43250403161499895,-0.6569184650204676,-0.4542339036644932
-0.09247780642795407,0.36804633724739877,-0.3679780865995582,-0.2383559393375606,0.21285644227818676,0.060013522015526136,-0.1517248004042045,0.009447389645659093,0.03566216648046323,0.1399233909226036,0.060454358051630346,0.2597148245960969
-0.04765277703025854,-0.8078774119343659,-0.1399570332485311,0.27724251056236193,-0.013800093956510346,0.2843730727914978,-0.15784401480431642,-0.24851043570809306,0.100129800178582,-0.6502899446622515,-0.03455358423728093,-0.22442788495520993
-0.21746787205778537,-0.6742262681497878,0.17066046365405707,0.36589203248546814,-0.31491687559300163,-0.026333299501372955,0.26023746546272014,0.22568025401775527,-0.06618295432587971,-0.4086901251452794,-0.1215754630415269,0.0482188455486095
-0.2280226589161213,-0.9793361162083787,0.794435937825923,0.5026581309270385,-0.2624273260459921,0.567173916961571,0.03652138086171369,-0.19481565939856,0.40060632630650456,-0.548981497740561,-0.678652408321163,-0.5201057059278114
# Weights from hidden to output nodes:
-1.2147537039041625
0.6134568003197058
2.5496031907852026
1.0077076993383025
-1.0265241036166157
1.151191641236002
-0.8572333312037239
-0.7942771398498685
0.4365253389867291
-0.2405171104520192
-1.2172539542762617
-1.1456937198761779
# Biases from input to hidden nodes:
0.2652788728305897,0.210011730020111,-0.8489094974402036,-0.12157673118163295,-0.14050777736221937,-0.42415716249397034,0.14258752193150298,-0.21117219083636782,-0.06935277088975553,-0.093482780321228,0.36194366889172075,0.24558191400977414
# Biases from hidden to output nodes:
-0.7067363583506618
# Number of epochs trained for:
4000
# Mean squared error of finished training:
0.0012444341763609469
# Number of backward pass calculations:
18308576
