# Weights from input to hidden nodes:
-0.6691700723698678,1.7024534313971813,1.5094206103515089,-3.7274989883399683,1.3290359025084006,-3.4192057620113956,-0.19496194425415853,-0.18489923574560285,2.270460277221293,-3.5612434452003052,1.4408798052481608,-0.9852239101800946
-0.0249166270889292,-0.8851355881158252,-0.7302355849835801,1.7829850097933984,-0.3869695408063654,0.6485214396225132,0.024284965154725432,0.24171389591787223,-1.1175311621001,1.361124494283596,-0.6933048987109585,0.3905324098331915
-0.014252265802012384,0.21878754391334246,-0.019654764647376914,-0.4576347218911916,0.0606920414368406,-0.6756146899211926,-0.1219172881469477,-0.03697334748601574,0.46710686185863304,-0.3677004086999309,0.32118110537994793,-0.09585822675959868
-0.05531778883661309,-0.29417447525066964,-0.31591454362307403,0.71004755627438,-0.3271998146971524,0.3112730718067283,-0.25783340360847123,0.015327132134466157,-0.22048240884426887,0.3420475900667558,-0.07450590372253078,0.16580145909044267
0.09834319907190045,0.4036447683800201,0.319825515381397,-2.5583746393442666,0.3602189691458433,-0.9921265763846389,0.26469536186078285,-0.1864876776855798,0.5687600586338074,-1.6491241880872745,0.3261782246105773,-0.18062837254370942
-0.009791894818285194,0.10120118913347578,0.0006939129970038114,-1.2594358547851918,0.2998995406127336,-0.29552761010956496,-0.003087786087583389,0.22058839218979356,0.1685090615119416,-0.8443965739748938,0.35401628539811786,-0.14012933948773593
0.09717571469307373,0.18796619041407747,0.009781015439188844,-0.08683923100852728,0.15444950377262265,-0.0493695579611854,-0.21305944571473262,0.08221426181347063,-0.12680633999475993,0.017195991789242412,-0.12304410289530625,0.1855223284321618
-0.19105385907296926,0.6472429326238412,0.3001753920359069,-1.5221136257751653,0.5246341354941045,-1.1533315398953579,-0.07352918905691029,-0.2405790446832183,0.7174897353314016,-0.9253570048474421,0.6790359372583822,-0.5054223828544785
# Weights from hidden to output nodes:
-0.9988657228050811
1.7146447206982405
1.3395084611423067
1.6864532352387507
1.0322082115332165
-1.4100825765627978
-0.5969921614698458
-0.6996929234497259
1.3349246760747568
0.14303342868434182
1.335432338710247
-1.4439132544242272
# Biases from input to hidden nodes:
-0.02794311443714494,-0.8980354210267968,-0.42724695738081053,0.8469411944486901,-0.4708949467809921,0.9517306645283532,0.10604658930337785,0.07758558772013396,-0.7341428058427416,0.833400974663001,-0.7771711841143083,-0.009926457875354395
# Biases from hidden to output nodes:
-2.135910147843644
# Number of epochs trained for:
2000
# Mean squared error of finished training:
0.0018402068323288441
# Number of backward pass calculations:
9156576
