# Weights from input to hidden nodes:
0.8119297317239248,-1.9637020331988961,-0.07866330138649599,-1.500040568126579,1.5780509692175635,0.5455389854322369,-0.15803392342150008,0.16322832323328929,0.6921961755056969,1.1052979312646816,-2.1122211436907303,-2.1603844014798983,1.0828390121747737,-1.6648156321341336
-0.4464808624304361,0.6008726817858137,-0.07655583096847925,0.5863075081950428,-0.7043501950060128,0.039735986362091996,0.2635608313556029,-0.2561251824394315,-0.1349469609811525,-0.326973623284971,0.4612988800679825,0.7988206333550243,-0.4859655687618797,0.46855157387367125
-0.023053792451782035,-0.19572563316042907,-0.006895696862196284,-0.21145539687836679,0.08410941449857072,-0.10057957676404912,-0.1731787388275319,-0.04369515309643297,0.2061902038303811,-0.032504489194115846,-0.22018642892810314,-0.6561485670402715,0.05467561922975497,-0.3947939028462569
-0.3128627595878346,0.08886381301386213,-0.12661507804635566,0.12557190294591367,-0.30699735277490103,-0.20957351482185327,-0.1624680627491985,0.15715735879365908,-0.13230870786627053,0.02496027640344841,0.1524304982275222,0.29046768805297046,0.04939724110290376,0.10882353474939162
0.17774058712303867,-0.03249498425934692,0.12739714970868254,-0.2898202918076624,0.1512415853114494,0.23806795747728549,0.042660505515600834,-0.13151076302497758,0.21519316356746604,-0.008604705926257228,-0.5667505767103377,-0.4018175775847188,-0.09858632584219618,0.172198002701893
0.23224736664631146,-0.20886782591821276,0.2463480330621742,-0.21668856605016706,-0.27650919755055464,-0.029003957407533767,0.24523647384572345,0.02643000092237277,0.23007626918631155,0.1313783862912487,-0.2321679368769895,-0.23139629667030276,0.2569250783474073,-0.2065949972730785
-0.09424541158239622,-0.1943710217770188,-0.006905183261220793,-0.0017790026411089108,-0.0655853124257824,0.18673207649625792,-0.11815006595439662,-0.059996670797594444,-0.21956852373040228,-0.1968265545524012,-0.09321938186742659,0.05839740643686619,-0.13434222848732422,-0.05326195840409045
0.6009769847144024,-0.47452733303958966,-0.048271135662805206,-0.6457135146811995,0.4843023719604456,0.34725680189137526,-0.2936386791842267,0.2619972178570162,0.49354003816001457,0.5263741758930988,-0.6596531603541563,-0.8244350179159314,0.10320024991297864,-0.2622717700255488
# Weights from hidden to output nodes:
0.8439469205548488
-1.4836183799149933
-0.2611953424523905
-1.1219446984016024
1.519624404913042
0.4013843772985387
-0.4620983781382958
0.09249035083625437
0.4869017895428095
0.9168365366818377
-0.8813097608166133
-0.8775398299106175
0.8220513973068988
-1.6146269230672625
# Biases from input to hidden nodes:
-0.14963128970473466,0.34154761956739127,0.013238404586317825,0.014619852725175528,-0.360513192260407,-0.14290070644415426,-0.24350653027512204,-0.20576895469766976,0.06426208015462151,-0.15115734641751252,0.4886740868469851,0.053717451201139244,0.02877110681548992,0.34502531217396226
# Biases from hidden to output nodes:
-0.7290772290933983
# Number of epochs trained for:
2000
# Mean squared error of finished training:
0.0018205011572987773
# Number of backward pass calculations:
10565280
