# Weights from input to hidden nodes:
-0.5610101964922101,1.5805846114527204,1.7615078868331682,-3.9698420296236048,0.8489810297191588,-2.45370443026436,-0.5889640672672113,-0.6823110156303953,2.2623447941336012,-3.455603885482769,1.3806615300437752,-1.556928702354307
-0.11855045410719466,-0.9252509419904646,-0.9067632218706094,1.903755807202517,-0.28804419850673085,0.17402524696494082,0.03397361034008901,0.24457825322455584,-1.2353896542910825,1.2790249344533706,-0.7691204904649068,0.40234911400078893
-0.07960049386303779,0.08340250954143182,-0.10304566773166235,-0.5341509252850176,-0.08604638150512865,-0.6629463006598756,-0.28665146765866006,-0.24372021877677166,0.2856327557394225,-0.47369461060396073,0.1817050944649831,-0.33796393571527855
-0.0922221755485232,-0.24206484618139446,-0.3242618202018151,0.733822744831131,-0.2713079872336718,0.16974385623129312,-0.2680418213135125,0.021092478646856115,-0.12731148742511214,0.32122893930456436,-0.05598655837977609,0.22040408812849427
0.12552202577113783,0.21006257785697155,0.13612925537722873,-2.4052218999305537,0.17304157447792665,-0.35840101392068535,0.21098041088188776,-0.2511117807986661,0.31690289400546495,-1.4601920875356575,0.13536508229772426,-0.20178145436554218
-0.00557997722580077,0.06150355370695955,-0.04597873481023571,-1.2432137335576017,0.2232281563623157,-0.06924779596210759,-0.06268282234973002,0.14291745101599318,0.051259797778050536,-0.8058190668943953,0.30632083920649017,-0.1933621685267409
0.07905081598306016,0.1332215481242215,-0.08577403988858098,-0.05977157454948472,0.11750510621520495,-0.04534732520237496,-0.24034925303718307,0.04463816163290535,-0.253208246101991,0.013550271738154634,-0.1868587736605263,0.1802719962935752
-0.18915805627959237,0.6309040073642105,0.3454237751660967,-1.5014468043548557,0.3804226824614517,-0.8773734781687771,-0.20893996611647175,-0.4178210323947743,0.6341173448092227,-0.8785825027272641,0.6620049947111643,-0.6930934739930796
# Weights from hidden to output nodes:
-0.7286794367844888
1.466771880903519
1.5197337410706855
0.9373417370508702
0.6581661483864772
-1.346041523443883
-0.8246120791314178
-0.973059758125583
1.4288067510358542
0.024206418912040863
1.2580907837532638
-1.4896549517448994
# Biases from input to hidden nodes:
-0.16244483869695564,-0.8119305399861021,-0.5191055889851169,0.8644349785953036,-0.3457828569712186,0.5354810614700913,0.07435660906927932,0.04229725904487566,-0.719786163714969,0.6439772222549683,-0.7625330297596981,-0.022365919912287563
# Biases from hidden to output nodes:
-1.6391053412976557
# Number of epochs trained for:
2000
# Mean squared error of finished training:
0.0012504804376688252
# Number of backward pass calculations:
9156576
