# Weights from input to hidden nodes:
-0.03295468249103217,0.4221605184781584,0.6242694973763062,-2.607840882653698,0.391091625832761,-0.5686537977607306,0.10730159401269605,0.28818017407880037,0.9726721158276876,-1.702671829522655,0.3713736939990259,0.1646166598441142
-0.092239546134664,-0.5384920194266754,-0.578755879733978,1.4942303312307823,-0.12170926212944015,0.0008252499118271434,0.00720886666964199,0.19614095096635245,-0.8017714993595764,0.9659452235203249,-0.4179739026080056,0.24733450856070077
0.11504696404145193,0.1363001979110664,-0.09205113714337569,-0.5073701080793147,-0.021368916037790075,-0.29729137342013956,-0.0478638502514042,0.05267801465052711,0.32907555450401843,-0.29138487768586224,0.23347931848948034,0.1191476074467713
-0.041889948946973656,-0.011741822927696306,-0.15497246513000248,0.43506443715276977,-0.11860239294803801,0.05429121069832895,-0.2316064958482444,0.036806477292982656,0.07045360936820524,0.05767869948483044,0.15855561694640974,0.17392636494667607
0.10411228135340196,0.6036148915173476,0.539701723707912,-2.065262102458795,0.39565839958306964,-0.5039619247733967,0.25080838143195777,-0.18985641452309282,0.7737172267674839,-1.3596275589405822,0.4571238620135207,-0.09120471836452936
0.05095578969998743,0.12224203150103775,0.058313395102071605,-1.1241616915035546,0.2653695891002452,0.029007841074920434,0.024584309297245036,0.26087053003734423,0.2502381979432396,-0.7294006708245684,0.3558193938344083,-0.034838080096381244
0.12985842887992188,0.25715303963169633,0.05598776066993242,-0.11552335157686804,0.18515567479507908,-0.02777306392689523,-0.1912169523010034,0.10573797718142795,-0.022023468974333195,-0.03272655348962717,-0.06890669980152038,0.2227573778699363
-0.018210794604374768,0.30382052621493183,0.08017974230363636,-0.9998137842444995,0.24569647506268755,-0.30066458913831834,0.0045881086505757665,-0.112588756287243,0.38761223764697617,-0.3105129091913243,0.3802840698914081,-0.20645795287908864
# Weights from hidden to output nodes:
-0.12256128316550303
0.7415512869197083
0.7470626375606705
-3.0569327522928273
0.4179192885724301
-0.9870582283595652
-0.03423301687523595
-0.18019527949910993
1.219334128011324
-2.259247182478102
0.6446996542268484
-0.2891797112003915
# Biases from input to hidden nodes:
-0.12423726310349811,-0.27828483060561177,-0.01818253371980849,0.5116857792715487,-0.05559637193484295,0.2219974359809961,0.07902012047958229,0.013146303307634232,-0.11386356048854836,0.23744943697610185,-0.28269604357620043,-0.20555287609344866
# Biases from hidden to output nodes:
-0.6714952448053008
# Number of epochs trained for:
1500
# Mean squared error of finished training:
0.002119041329760728
# Number of backward pass calculations:
6868576
