# Weights from input to hidden nodes:
-0.6627099462408732,-0.03283494874996389,1.2390545982878673,-1.9553304395055415,-0.7861330553111265,-1.1304683742676496,-0.4174187792461346,1.8998469496043258,2.10075323595567,-3.030503858625614,2.3529695815264215,-2.2612582792186866
0.03687051038143393,-0.08130814847823348,-0.7672906972745656,0.5791482314910215,-0.09964789123601472,-0.20746579948017874,-0.0083536733275534,-0.7982939076896867,-1.0222431840407233,0.689918475669995,-1.1439190851100733,0.27329090383792276
-0.324111744242603,-0.29498109585876897,-0.06635904930165373,-0.6805538621172484,-0.2677426307913358,-0.34047994621945776,-0.4398985617511424,-0.06371687792089745,0.22111200229490904,-0.5767740928684542,0.21168325116392414,-0.6002952805419325
-0.07402799703654823,0.12602539628720089,0.15465461804498343,0.37460592229667594,-0.2106373580834202,-0.022987968786025128,-0.053510525726067175,0.10393645144847519,-0.459335931171958,0.1325678067603909,-0.5112970900014616,0.14671645643729317
-0.04730654042767153,-0.2695137114098501,0.13934598385869498,-0.7047810631191864,-0.5637533585893432,-0.10443086162666941,-0.16177540268421595,0.04250726861315393,-0.2866304535956044,-0.5002018097811601,0.16371443951836717,-0.5454637616161281
0.1871105401939566,0.08373653108897888,0.24462706767821862,-0.19049608916224472,-0.23343570608665298,-0.0809067256929916,-0.11997959897752267,0.021021830087935414,0.16617018369656716,-0.13224966271691685,-0.019138981932118104,-0.15383962854212876
0.08091520545149972,-0.2716262607273576,0.6055279853666783,-0.8803925306984257,-0.09033341260936201,-0.5045492279919845,-0.17378704720785496,0.15196789241927106,0.7589355673546153,-0.608025214957315,0.970928109401846,-0.7018376365074264
# Weights from hidden to output nodes:
-0.938778386385225
-0.4910665306294525
1.089028317725055
0.6262837726440752
-1.0461332180652538
-1.082612715882663
-0.8160643160112794
1.447526275360492
1.9970525618308357
0.04585336536074906
2.041372831213623
-0.0785614045622476
# Biases from input to hidden nodes:
-0.0514868667657969,0.0631589138103297,-0.7231866894970864,0.30601949772751313,0.3374065972916817,0.013782703128045578,0.26345295116154893,-0.6258872408927689,-0.9120808674946994,0.613916031538395,-1.381246051617008,0.4221527678650726
# Biases from hidden to output nodes:
-1.541154793915896
# Number of epochs trained for:
8500
# Mean squared error of finished training:
0.0012094388737216575
# Number of backward pass calculations:
38900576
