# Weights from input to hidden nodes:
-0.3585722321611807,1.068628919430649,1.3253621295004523,-1.2683031788050598,0.7710176702548536,-2.0003117477320442,-0.2983611217448974,0.73911199539035,1.8236007874333218,-1.733845098784195,1.0232913588334258,0.2871432628084449
-0.3806414007165358,-0.5543151646474208,-0.5297079867750533,0.7398435588328715,-0.20610147455964042,-0.23132035605094436,-0.2594494805412331,-0.05391746459163108,-0.6591504194172418,0.502881756721117,-0.47029701744676383,-0.05477934025231101
-0.2266700421804054,0.06896943578384782,-0.09096124427746992,-0.06781316371972293,-0.1646601574093699,-0.6667528341196453,-0.4141120632849599,-0.06721381494295008,0.40785635317104374,-0.15586032931140173,0.1695437223042355,-0.08371525624542815
-0.37758210101394923,-0.19081506756677252,-0.27823078088010794,0.39287072938765716,-0.35894822555302636,-0.1877105703384601,-0.5611339972313828,-0.2416199445055964,-0.08632769909810577,-0.0353398950618828,-0.03715910440111981,-0.1355431970303134
-0.16823604013581797,0.196990621995721,0.1530994838075006,-0.2549583395086483,0.08359961995776685,-0.6341388776263176,-0.07419306736443525,-0.2571524150688434,-0.014773349595059061,-0.3849183795353116,0.0865307633868162,-0.18935338596634646
-0.1646601546670143,0.2227397355207794,0.10789995414093505,-0.5567854118767068,0.25772800818018493,-0.4168982916823256,-0.21163052749954464,0.24638728364284113,0.14602919092608604,-0.6539018694518806,0.42778572172263923,-0.12795870359326694
-0.10631687700103463,0.2998868692403382,0.06089783526893245,-0.042298443444448684,0.13868207223064583,-0.33706369208324083,-0.4310200199214007,-0.007652431441846341,-0.12034262694282945,-0.10063740181848425,-0.056813209166982834,0.05317243445006703
-0.2137869490357773,0.47862807664509677,0.17795532705345624,-0.6331152411723787,0.298795781832692,-0.7709530377308064,-0.20813439535344327,-0.09760447732188877,0.37703814824489684,-0.339468390659177,0.5270339120606589,-0.2797658753206517
# Weights from hidden to output nodes:
-0.5567098127065652
1.078688222637006
1.1786047306715786
0.8415556696209199
0.5650310625364653
0.1930785275059475
-0.5897714330173909
0.35723582200790477
1.543303569706631
1.1066946541954181
0.9903755557097204
-0.07727594189367032
# Biases from input to hidden nodes:
-0.44190332828214,-1.0954114374569006,-0.8459639365705613,-0.13696455074016908,-0.7275319666497858,0.3499548129254406,-0.21133839098591894,-0.6475414588926012,-1.2774301275742663,-0.016073486182535318,-1.1087262635825517,-0.7023961579542639
# Biases from hidden to output nodes:
-1.9823720576608288
# Number of epochs trained for:
3000
# Mean squared error of finished training:
0.0015028689609518594
# Number of backward pass calculations:
13732576
