# Weights from input to hidden nodes:
-0.7085601197183705,1.9921718307367362,2.339678173676079,-3.363305664733784,1.116543273764795,-2.8242686044446113,-0.7074403829345226,-0.9049135753050439,2.558204442699964,-3.3996964874435798,1.7428665346340892,-2.0007372953241838
-0.23487058430368454,-1.1575025402909247,-1.1066067351028486,2.162267841735788,-0.37418915388033525,0.09331884309289003,-0.10530376874713274,0.06510171484473017,-1.4413225720001757,1.3469255136397005,-0.9580589767983219,0.15046380579433777
-0.26658580488951666,-0.02921640100821888,-0.04371932828747495,-0.15829837254144805,-0.08315342631033788,-0.8781684225239351,-0.48732405039992954,-0.5087065722705841,0.2847364684096864,-0.3903556355727744,0.11255574631341048,-0.7553695845616947
-0.05008686451170068,-0.2836502192767151,-0.2574025445788861,0.6709258313320282,-0.3642512154594233,0.29535589765404063,-0.23090869894747015,0.09558959375657211,0.049760785150613975,0.3053522302418044,-0.09507680742266726,0.36456735700637977
0.08048023727460295,0.15840603397586392,0.15172321230442012,-2.2696531864527993,0.14368116707220346,-0.37026472306705394,0.16775732707723387,-0.3083113124803852,0.40257909711976997,-1.3831312342724642,0.10519845244214752,-0.2689088701950852
0.008434288205501003,0.20694516942372632,-0.07891337845038186,-1.229164146849649,0.2831395964386935,-0.030251055173529922,-0.036357821535573695,0.16411713498571082,-0.012056923590290439,-0.8001878853605774,0.383589042774558,-0.11454268241723022
0.06650088049778717,0.19617838303702076,-0.1637136402770773,-0.009157045648778527,0.13741610131278764,-0.026088059250571782,-0.24620131187675834,0.027517636352852825,-0.3548814778036671,0.02648066940139607,-0.17558449238075743,0.20202687706072636
-0.19857276365351875,0.9126767411472818,0.4207509726025858,-1.3838950486377866,0.5256080716213201,-0.9100063983945799,-0.1974629627995584,-0.43510360773091755,0.5865065162551443,-0.8791069412894008,0.8513435293392378,-0.6828674189504021
# Weights from hidden to output nodes:
-0.9026017737504943
1.4530343287231542
1.5541265594936302
0.15830352579720125
0.9096963401548331
-0.034224854127949546
-0.9283497251843884
-1.1189322333359217
1.0860303877998432
0.6142796885515528
1.315751088485003
-1.1461212481212188
# Biases from input to hidden nodes:
-0.1458688583278337,-0.959193448588503,-0.7209533200513865,0.9264513258430807,-0.4872530070760428,0.7155680674133967,0.0920008120550525,0.08871125654396027,-0.7826840864104532,0.7062580593828589,-0.9150508441349898,0.13581590051909465
# Biases from hidden to output nodes:
-2.0960618002870794
# Number of epochs trained for:
10001
# Mean squared error of finished training:
0.0012308766398044452
# Number of backward pass calculations:
45764576
