# Weights from input to hidden nodes:
0.8930211442047092,0.2498135102600279,-1.2522324609902324,1.1289042228006672,0.8745017202778533,-1.374446791852382,0.416232706685507,0.07141914927991708,0.4287873547737142,-0.8848165145362809,0.33129168226593303,-0.24131183767447323
-0.5213175713808123,-0.1644867097793113,0.744581095109529,-0.7048368695422706,-0.5674402881978904,0.9271512447355861,0.008353538771591982,-0.23273836179157192,-0.46426715604995994,0.31938918309910486,-0.4659424193083496,0.34358671061952917
0.016529236303788507,0.14158667224953192,-0.6090784735895529,0.0006141726064241582,0.06135680734606696,-0.5469940527083147,-0.17986652586064716,-0.23335976963192842,-0.1315748632432189,-0.1529390817791785,0.047714101261507,-0.18178996468943281
-0.31218298655503185,-0.10349796742747686,-0.01377221580051066,-0.05168061938699626,0.07043591589119823,0.31918503456954084,0.1296810381174002,-0.003600384150406251,-0.1435344520214321,-0.09375136441630944,0.16959395579730646,0.30497157679521036
0.6337781150832731,0.13443159380121147,-0.9677929274721916,0.9462038553974448,0.5107958689659474,-1.0621344411690465,0.2722527285857297,0.174152885266071,0.4161918087415438,-0.8149408781011216,0.0937642167885769,-0.408080833474114
0.47354717351615344,0.056703653542134705,-0.26156412332587803,0.4123791443761074,0.36536731103300535,-0.3640257825187319,0.1950810427792961,-0.022993192695133502,0.076054903863708,-0.1882022221037192,0.374773628515493,0.056807531789848015
-0.12287854833079134,-0.18063323027429984,-0.012802142183175763,-0.05514028424786912,-0.002035019482533846,-0.031482328139594194,0.2555074747591553,-0.19429165794250944,-0.08382186559640041,0.08839445364868773,0.175401311379583,-0.22587429230981398
0.23410125097600207,0.3302838218883103,-0.5502324259350164,0.3534494256517288,0.12835870046300837,-0.618162872538262,0.20517942220954732,-0.20796632034143409,0.38015407005978036,-0.35787694839190204,0.05983074558307704,-0.008947087244040013
# Weights from hidden to output nodes:
1.104483114717778
0.19551421151119153
-1.8926619082593934
1.4448998447386345
0.9813311259773152
-2.1810848569448265
0.13778491675676133
-0.15282048678840185
0.5210709070093236
-1.3849885945092213
0.33718646101062466
-0.8381949294308304
# Biases from input to hidden nodes:
-0.31156882771601924,-0.22949289767749187,0.15867505061028217,-0.408863413499955,-0.3766183585603169,0.1437581274607683,0.10041500525761327,-0.1475119179881936,-0.15488980077303474,0.0251934907275094,-0.12842430623323867,-0.12361945528203509
# Biases from hidden to output nodes:
-0.9100332560532031
# Number of epochs trained for:
1500
# Mean squared error of finished training:
0.001709700956791263
# Number of backward pass calculations:
6868576
