# Weights from input to hidden nodes:
-1.1115808148118669,0.6045930211207222,1.2326520154287248,1.7247009567440816,1.6995353181174435,1.2385175468433196,0.8870249244998171,-1.7702637491758904,0.7542949681638332,-2.0539727749325536,-2.0400478916357523,-1.7309479005698698,-0.291642936715664,-2.0902901317913924,-1.5337524912719165,-0.9838392650183552
0.020675824026289934,-0.3020866523783786,-0.9772893513702664,-0.9498030142322889,-1.2693671450888553,-0.8070343522813858,-0.2556796264932626,0.04489923356339731,-0.5478633795115426,0.1953408546073049,0.5535082994390006,0.2598033904003597,0.11740841420392568,0.2900639294842883,0.23100188008438058,-0.03742659602247409
-0.1527496663896427,0.0962449182311764,0.1968379164186373,0.1700297645667902,-0.058159664107534564,0.5228602696084084,0.24804650499016542,-0.2057873077146898,-0.20010739099538297,-0.178737409029635,-0.6122934770942052,-0.3118760005575189,-0.24930657646471724,-0.24051474842541928,-0.5189503219074586,-0.3188801841882775
-0.03943870844635379,-0.2581509426054542,-0.37774267865349187,-0.4978764183795663,-0.3029458604298534,0.17826633215047982,0.08829754425826862,-0.07413690913006495,0.03148851271654911,0.19993146869216136,-0.12514506907180786,-0.1097975549899247,-0.020181379977607397,0.15440916435868188,0.09658667443007553,-0.3268438823933507
-0.2872352256503949,0.09985135377537253,0.12463622127214856,-0.11590800706761106,0.14476506789877103,0.3077205703319692,0.21948319370055205,-0.2759058045971425,0.2637631151170751,-0.2988884359251122,-0.46602319809266335,-0.43595062637015464,-0.01357922473304002,-0.47890977031221627,-0.1751002784330699,-0.1304156302093165
0.1695940601281856,0.20299400868473588,0.35484842321975835,0.015610224160643468,-0.08638371689992876,-0.20446936634138757,-0.015415467168321928,-0.06734336472367988,0.21230851425257802,-0.11308305123527028,0.15466152384656773,0.023955582680430104,-0.19896545412893013,-0.2300182119333731,-0.15576587495743643,-0.22285290341915698
-0.21306567510625446,-0.13125197216533063,-0.12256990214007599,0.05108152909762567,0.03840354693676409,-0.25999087463220993,-0.28935780402085626,-0.016445873181615087,-0.15869181664429144,-0.07454008048594632,0.07554520394137174,-0.32927374385446323,-0.2877455052380913,0.11929142523938877,-0.3000009461442004,-0.2471234225743294
-0.3004184266260866,0.4888862213155347,0.8210111400134588,0.667901820835826,0.7910262723022459,-0.16846050446416416,0.38185028752027395,-0.5149348478551664,-0.046994588628325326,-0.48201906576238834,-0.7144048962718572,-0.5088397940649659,0.1292464682281693,-0.44630191375118106,-0.3370192620242393,-0.38990149036132654
# Weights from hidden to output nodes:
-0.9111956584464538
0.49775586782741804
1.1399602739750563
1.5663199713592708
1.389867282103499
1.0504413040011449
0.5478819879379823
-0.9687897063618212
0.3992900005399276
-0.5418833125576734
0.5686763041916023
-0.19246787650614752
-0.5596145521649435
-0.47730074849045234
-1.1629991466675627
-0.7260606182522793
# Biases from input to hidden nodes:
-0.1621510325401188,-0.5655062269334763,-0.7933364986983021,-0.8196213649966829,-0.7500184851187252,-0.43883491812569375,-0.5242288201990478,0.4056571464034952,-0.22893796567498154,0.29224212495504875,0.05805663869945249,0.3044842962543681,-0.1330447546753691,0.5026545659470426,0.2328599266210391,-0.05937160257859839
# Biases from hidden to output nodes:
-1.5432809043398352
# Number of epochs trained for:
10001
# Mean squared error of finished training:
0.001401676393832871
# Number of backward pass calculations:
59845984
