# Weights from input to hidden nodes:
-2.6590294169039024,-0.654854417433433,-1.667723925429626,0.9463188436669523,-1.7153855807666616,-2.2354959834376587,1.4969634567157586,-1.1178370601583163,1.4798373818441188,2.1138421255815114,-3.0782991868027407,0.12613607574503777,1.0690044472923133,0.6960207590409119
1.4042917140559983,-0.002985442005300114,0.3747610845628489,-0.39805013942086165,0.36641059389309183,0.698734776685421,-0.873433932985333,0.41290418041876337,-0.5485944330705713,-0.8922962845414791,1.3897532143449813,-0.18929465162255021,-0.4164556034777133,-0.49849858363533633
-0.46509404840876234,-0.18023469592205163,-0.42266358929839,0.21121848387781936,-0.4168962653794356,-0.5203781828485663,0.30337604217806646,-0.40148232072191226,0.003298502870278439,-0.12133856817739928,-0.14703131473809383,0.01386220368811252,-0.07802714448626867,-0.01675429355638475
-0.13215355685518254,-0.2577418645192619,0.15613002579515772,-0.10481187365736387,0.006052350523719397,0.28739326787892183,-0.2613619131922964,-0.0914001257056743,0.07387046604447155,-0.46498689947055993,0.35074455826524215,-0.025886576911119723,-0.14112364122471585,0.15339704902869378
-1.551191935479486,0.19899018097970833,-0.2543900386245506,0.2834362309407823,0.15551356066251631,-0.3623362361794433,0.04356541652819235,-0.18451291550800106,0.19434813827733385,-0.034508022274979254,-0.538030806434062,-0.03186640446566793,0.042564491153411946,0.41894820039856223
-0.9598774881877742,0.030902174315865463,-0.08094286999772712,0.08529125764176476,-0.20161132947137442,-0.3735018705912562,0.2413324297858071,0.1005846866901161,0.03978781018928414,0.4163401659154594,-0.3391683017753013,0.13960830299005283,0.0295348634022857,0.3406516924012935
-0.43709989187684584,-0.006757753910737917,-0.3347459606805476,-0.15281181664544144,-0.20744393311469836,-0.21758177313031168,0.11259431819733977,-0.32719504350505824,0.03256513954720333,-0.029371103294975366,-0.2892931977868994,0.013937425315783665,0.07669149795972958,0.3595618946842068
-0.910254433795899,0.12773820209602102,-0.5001142430519475,0.4699356103042724,-0.5670439699725982,-0.7360701195448666,0.5350522711379961,-0.3300480528368524,0.24054850996274646,0.39983267865352395,-0.8902076264070272,0.07275556443057507,0.3222829786658017,0.15950723086152188
# Weights from hidden to output nodes:
1.2634619912177274
-0.8766471840797299
-1.2047504700955973
0.49079812162266395
-1.611397171012929
-1.2299084999915817
1.2987955037226955
-1.1800414325998654
1.2766777085660652
1.5828898303733636
0.3668197073198086
-0.07140694049193107
1.0268905271713276
0.37120783886330505
# Biases from input to hidden nodes:
0.13833621652818096,0.14439414239418544,0.12287234673204946,-0.06168404553787205,0.25122658755278016,0.5917662676419325,-0.5391250012360165,-0.06497104932065874,-0.6527674054565347,-0.5322021766258509,0.31522557241629,-0.12839781862022057,-0.5520439558120104,-0.20577103644408784
# Biases from hidden to output nodes:
-1.5562426138557701
# Number of epochs trained for:
4000
# Mean squared error of finished training:
0.001469286914672858
# Number of backward pass calculations:
21125280
