# Weights from input to hidden nodes:
1.896630350633341,0.7234101157679583,-2.6654293999523633,1.9794882817701043,1.601562242546424,-2.891369566062763,0.5125969073709611,-0.854462727423228,0.8907508511904545,-2.186491621847045,0.4349692307544156,-1.5691945064014459
-0.6915960059381887,-0.2807141616830195,0.8425123712225564,-0.7902566159859239,-0.6108466904277403,1.0739442125197913,-0.03759353384869216,-0.11572714827562072,-0.5107576580062616,0.36861183479702603,-0.4446323328992795,0.41804923355567347
0.09265079221084146,0.20972985046301731,-0.7203026687919958,0.03527719266191456,0.11413903867920487,-0.6100832712442021,-0.20884936354670702,-0.49032671474703976,-0.11148507877635028,-0.2980048455545787,0.01275042426746257,-0.44178161158706697
-0.4579174690481547,-0.16727468727797382,-0.018978097989491165,-0.1630234639358298,0.015185448438033551,0.3541350632775651,0.05646712828104529,-0.09470002188232526,-0.18391463020969814,-0.15208631531395259,0.12087526375226855,0.1811759282011219
-0.2078437851866726,-0.03609265539946587,-0.4792689253681727,0.024068133756641682,-0.15035635525266078,-0.5516607502844111,0.17571503939994548,0.2254061716530616,0.07518446617060356,-0.3778378218669238,-0.09104211310059326,-0.14566921591115553
0.2123186566285602,0.005936196099313105,-0.11061068775954108,0.05533640165305511,0.11597096147663022,-0.17456415502819564,0.13896288830540857,-0.06808358884534653,-0.0174055011399432,-0.09001593949769607,0.3099027311286049,0.05600658504981541
-0.1535727500880866,-0.19352950973720479,-0.0496055948946906,-0.11183214655114446,-0.04863060356722189,-0.04353756152107878,0.22500162016120373,-0.27568726322016013,-0.0845612713252969,0.038279595578563336,0.15493674961723003,-0.32048427298388665
0.5308673020243712,0.46245892676261446,-0.9948463942375518,0.5668471247820558,0.2891451722223492,-1.0810677744962085,0.22223798643740303,-0.4870084282367518,0.5240185795514513,-0.7507873540003567,0.08852423289856086,-0.4135369819099395
# Weights from hidden to output nodes:
1.976201730041213
0.5839509401178887
-0.35008979529226025
1.7390525240412043
1.457509906339437
-0.10596757530950998
0.01812421400679764
-1.19072401656744
0.7330366361940742
-0.9629809655669276
0.19361955914469206
-1.5335849944223043
# Biases from input to hidden nodes:
-0.9490253662352043,-0.468785049347224,0.498455405277094,-0.9885268393682145,-0.8155671018774814,0.548865225979486,-0.031445914001365545,0.0057241587201413155,-0.3989165840200894,0.3310102862064866,-0.24660834698031733,0.12345382418264575
# Biases from hidden to output nodes:
-1.8267440681093219
# Number of epochs trained for:
2000
# Mean squared error of finished training:
0.0018218109880515335
# Number of backward pass calculations:
9156576
