# Weights from input to hidden nodes:
-1.304096495404,-1.7695943270303651,-1.729306874798167,1.8748270084817051,0.7646331329085969,1.5504022921456047,-2.5618397613434154,0.003600480962841784,-0.108304826802045,-0.5568457270957108,-1.9364780653108795,0.9628376416405835,0.719189738616109,-0.8132360630089932,-2.3994178391494434,1.0929854793511684
0.46194898597241,0.3746176266739125,0.2978473580826761,-0.7309501340829517,-0.42696306463777395,-0.7881696556422402,1.0258415143964381,-0.1752289283987141,-0.1380697475585663,0.10506796992324657,0.6288714398619257,-0.34589720088642134,-0.3955776300667938,0.11533792070258252,0.7759518543888981,-0.393718944095967
-0.18804325773226505,-0.2631995106605161,-0.05072392915521971,0.08421870974567108,0.16487973879658382,0.22154926527898242,-0.5331477103970751,0.10931321696242165,0.01125708968282817,-0.19074482414738456,-0.4647176396388419,0.30395042574511316,0.2520718211737384,-0.10336887051542422,-0.03052617027006362,-0.15843714010923118
0.053420895226223765,0.33894949636795685,0.15998416104425073,-0.16051657966323252,0.022127123674459372,-0.49938181592531694,0.48789134042147037,-0.052153857228366136,-0.25044328164389723,-0.1521336221059665,-0.030282557592106286,-0.2287824634752773,0.04619019368859675,-0.184977872674297,0.05231376446745834,-0.3974539114145281
-0.0896710224571932,-0.41166188423609046,-0.04920624090306043,-0.14937654387783797,0.05011686955788376,0.07118312992360011,-1.041114172686825,0.1370432329977626,0.02291833971635145,0.12423348159181671,-0.06537078433847744,-0.028654473593088342,0.013178564311689853,-0.03290099489339128,-0.4484865616348682,-0.3336647186782147
-0.14414099492924268,-0.1668488328933138,-0.171004495366845,-0.08116294028821744,0.2004383596106827,0.09927862783407425,-0.42438648515764876,-0.1563694568004835,0.11013269737906742,0.03897057556283792,-0.19721518000518065,0.06322457662123475,0.05548069480247556,0.14508041510625425,-0.19202294345600227,0.1684299780945961
0.023693894550389272,-0.06993766690823149,0.1721682934088639,0.031091254618628,0.10890574410003788,0.14833144695840397,-0.180701255787043,-0.17183317664032546,-0.12934871786447155,0.024015581854861086,-0.030312876166336915,-0.20122015009435842,-0.22017279590556282,-0.08950445851811271,-0.046868048801578015,0.06979062287443204
-0.43475247156726904,-0.6629145307353705,-0.7168719497258532,0.703246629285469,0.22225065795316135,0.49704395582984345,-1.0172061532163954,0.21809650196956465,-0.015488981491244235,0.08341019344370156,-0.37619052737290765,0.007191497755756711,0.014080052062581118,-0.43930145339448545,-0.8871960568060407,0.48343286276358144
# Weights from hidden to output nodes:
-1.2858820355792524
-1.0106306732560284
-1.5468134553305208
1.455242819605648
0.7032977508231832
1.2463313082643068
0.965419107957498
-0.1053846950138704
-0.24500710754206056
-0.7122134090948724
-1.517895844649845
0.8031700574639131
0.6038435959682535
-0.9248710560792365
-0.2958073542079835
1.0795222952251027
# Biases from input to hidden nodes:
0.1051999675106444,0.24669409961491032,0.27728261225904566,-0.4934620056090014,-0.41206099693697357,-0.3048526369618851,0.362106955081344,-0.05517046948921964,-0.20058454696874728,-0.20663762747814246,0.43687802021819266,-0.09583685727621753,-0.21673393945563918,-0.07922589197691927,0.21126843849974658,-0.022649338924637327
# Biases from hidden to output nodes:
-0.8062281032599855
# Number of epochs trained for:
3000
# Mean squared error of finished training:
0.0017957981621963101
# Number of backward pass calculations:
17957984
