# Weights from input to hidden nodes:
-1.4275332326470482,2.0932164766205807,2.5871095127261365,-3.144477554362442,1.3099764833273186,-2.936921354309752,-0.6528986510865246,-0.8839160793624249,2.644762064680042,-2.934231862866224,1.7599013973280464,-1.6143949062769334
-0.32527428117872353,-1.3337581503527058,-1.2630270357089997,2.2603512484245663,-0.4803961433987423,0.3335959677461951,-0.18601301144963878,-0.041499725968772855,-1.6955725335799383,1.774596831236595,-1.0175193438996184,-0.06894603555479768
-0.28194722801072736,0.15680036331972902,0.1893242431613011,-0.40841043441560565,-0.025732349922109227,-0.6903254690827499,-0.3325265496784776,-0.3132261978202503,0.6337345420369527,-0.31770695515260794,0.31869615342784674,-0.38624104148705224
-0.128651043450197,-0.40132681706439055,-0.3531618435773095,0.930061797347406,-0.4259849425880538,0.19178108536118868,-0.3508408549484781,-0.05275068019930259,-0.18206063744112952,0.44871972066465493,-0.17334592026354761,0.0771781374821534
-0.16755312715580328,0.2849593247435742,0.276250168025652,-2.2659799957628977,0.24353441802870976,-0.8308794858816745,0.10548037915251346,-0.41447355106317846,0.5127049259063748,-1.5772316492975218,0.24589452454311497,-0.4303841582252799
-0.03630860989904216,0.3709090730806833,-0.1784115683082608,-1.0762165145960232,0.3201720798692367,-0.1468313481308789,-0.024148600251279358,0.178422885908814,0.08331152722424147,-0.8166593541027405,0.4309685665929377,-0.05476926402601407
0.05932622969377262,0.4287830848986453,-0.09443792441058221,-0.07979938680958586,0.2049660355966785,-0.11093288455070827,-0.24828701750016005,0.021353876513825424,-0.17303448432652235,-0.0583623827809413,-0.06548696776244715,0.19053746453414266
-0.25483998682668124,1.0662536978861301,0.3487142213745037,-1.413460570948609,0.5737095794351703,-0.9285610486667145,-0.12218692121457853,-0.34308252884722845,0.7161692244590403,-0.8831785043418499,0.8520310796818902,-0.4347815057097277
# Weights from hidden to output nodes:
-1.2225325972649799
1.4875280409182385
1.676444529238899
-0.21027950469955617
1.0459974675396753
1.2377600315471298
-0.8724118079896203
-1.1101119245041329
0.9736364987646007
0.8878367958676325
1.314732978363791
-1.210366749882529
# Biases from input to hidden nodes:
0.01679021523261837,-1.0541684897811647,-0.9914887232266372,0.9306755883615292,-0.6103205335591904,0.845355823589602,0.07063588763743557,0.0800541881125669,-0.9425069056426371,0.7905677240379297,-0.9930400868253825,0.031204657089223965
# Biases from hidden to output nodes:
-2.5197175234753257
# Number of epochs trained for:
10001
# Mean squared error of finished training:
0.0013646662879195
# Number of backward pass calculations:
45764576
