# Weights from input to hidden nodes:
-0.9772353362680424,1.8126293190024925,-1.3404969789630568,-0.7900266981450396,-0.3954925298145275,1.0987065387052752,1.4188755782542213,-0.8319625861954063,0.5529005397260249,0.4434846821975477,-0.7523394036656342,-1.0667362913757774
-0.040914323304284635,-0.5648779077171001,-0.48371086978283423,-0.07311723693070335,-0.6798983987012209,-0.2997279636456698,-0.3071862971183103,0.09136430723278602,-0.5671891421249686,-0.6081573290819758,-0.5865085444164394,-0.35243193510079784
-0.47408564191532565,-0.193383605118166,-0.47377000041819217,-0.5989401680737791,-0.7610857486560351,0.35033472120105374,0.5641573803016524,0.2894443758995622,-0.25884646364986524,-0.31412171748568224,-1.0826234784518638,-0.5230582514942842
-0.05915859787180358,-0.03565704102067001,-0.22304968265718028,-0.44264921545453684,-0.5870986641321445,-0.11198914916608607,-0.12738315340136497,-0.0904365393292601,-0.11953470727748954,-0.2246924662328423,-0.3182230561178326,-0.4023236389331775
-0.03388296524630898,-0.17364973843485418,-0.06091776825987856,-0.5005270461785464,-0.6243550048228436,0.10437727522325717,0.05841084388020783,0.1112287236627397,0.0773915039917266,0.09364147794244274,-0.7227442337168398,-0.3473802590956159
-0.328630009571057,0.5370955861452688,-0.45344369649739197,-0.1892794996392675,-0.3243804752982015,-0.2480156474391994,-0.1366082336142394,-0.17861896830618157,0.0013269058944287027,0.21736422664049357,-0.1521411608507577,-0.4277741861513288
-0.02764444205134809,0.11655211658790185,-0.28479502652887,-0.4861148031525054,-0.2689107820435441,-0.431618270123447,-0.14419660659635103,-0.1003150963092684,-0.028074386168643734,-0.35979726843177734,-0.5143335015759612,-0.06280315718789464
-0.44156770708111154,1.0522475776789144,-0.7513075234255859,-0.46176963482973077,-0.23379192761421877,0.10929241076221842,0.18960748816954806,-0.40539979456938696,0.03969907726560367,0.4067214965007677,-0.3420525181020808,-0.493426079582336
# Weights from hidden to output nodes:
0.9115518726080172
2.088953128849763
0.6910445102925517
0.2682812054755963
-0.7954157929048064
0.802562583317002
1.5716976952914739
0.48353453384218015
0.20390530153851438
0.04385202545186404
-0.7078937210302302
0.5470735873081213
# Biases from input to hidden nodes:
-0.36896700456116915,-1.6439148835077342,-0.06420176865902558,-0.26706642117964546,-0.38688855780752945,-1.013459439747999,-1.441600858131142,-0.6500129834743993,-0.8978193370224224,-0.7675589381056025,-0.39969794940221726,-0.32484292917651675
# Biases from hidden to output nodes:
-1.4025749599642687
# Number of epochs trained for:
5000
# Mean squared error of finished training:
0.001313886145899585
# Number of backward pass calculations:
22884576
