# Weights from input to hidden nodes:
2.0118606386352225,0.7414440063792167,-2.696648064370007,2.100939039978491,1.6883583748504047,-2.891124585837536,0.504274063467041,-1.0020979718925633,0.9158127218788137,-2.2777277882593157,0.4049934257172586,-1.7379269246873288
-0.7283976387016599,-0.2926078904419129,0.8353877330555826,-0.8427473269524924,-0.6374831861959667,1.0635341112764491,-0.05589528003015626,-0.12246355642987089,-0.5235960507199239,0.36371495405684057,-0.45155655251754284,0.41214278642326446
0.12147454133034682,0.20961779401644054,-0.7542501046596115,0.051863148716548124,0.13725114348599937,-0.6394775665540514,-0.22901529990390646,-0.5626732645837151,-0.11032955065841946,-0.35154054658714035,-0.006720241285955804,-0.5229920491854098
-0.4664331557760703,-0.1766760320956321,-0.03845893192402108,-0.18345322786630824,0.011412674201081763,0.335174240953613,0.0334072073280581,-0.1353801052029716,-0.19066545906591217,-0.17912099844922613,0.10460539099374364,0.13961483166076114
-0.24212634445787426,-0.041370688459777,-0.5153385803944659,-0.03886491496341365,-0.173730119603425,-0.5896525736648756,0.15794231475436696,0.18885493512517879,0.07098334888554363,-0.4183519573699725,-0.0979460353723635,-0.19284934526291714
0.20912855731193486,-0.001029791320389318,-0.1238352413353252,0.030095744909216286,0.09972290687657862,-0.1892718960567195,0.12416841552438833,-0.08794027857330707,-0.01868118731984721,-0.1048953863100443,0.2989005837591216,0.034918249414968405
-0.13431861633271824,-0.19749314635575,-0.06543569280779146,-0.1054651572295855,-0.04442804538209567,-0.05909945737192634,0.21005714876551798,-0.3079853550673367,-0.08098758843178551,0.014758265447088095,0.142846100709604,-0.35602627844547313
0.5791037636411877,0.463905569670338,-1.017338882859046,0.604442070944473,0.3091655249597599,-1.0994943380197841,0.21163237152425332,-0.5355287277873451,0.5346570748896843,-0.7867994554782387,0.07288733746462937,-0.46990204976732536
# Weights from hidden to output nodes:
2.1199690021275956
0.5695420651347477
-0.10146624326160174
1.9851047925388217
1.5573028697442206
0.2024165037241838
0.0021879285572642296
-1.2838681892778554
0.7147184321657553
-0.8052787475056274
0.12325719987263391
-1.5241677348414744
# Biases from input to hidden nodes:
-1.106358664063599,-0.5223670721086349,0.49988534339811835,-1.1775912834382605,-0.9388289675573194,0.5260246358214519,-0.0741159640937067,0.046649212119351795,-0.4564931411079613,0.3648437229342152,-0.2764543270047417,0.18499888004501905
# Biases from hidden to output nodes:
-2.0176352032117464
# Number of epochs trained for:
2000
# Mean squared error of finished training:
0.0018428125057367714
# Number of backward pass calculations:
9156576
