# Weights from input to hidden nodes:
1.247306012529367,0.6296541424874619,-1.055929153550355,1.512371215378098,1.4972105576142565,-1.0099420812263407,0.20662900056583103,-0.6300039780440609,0.5332074679268701,-0.8613892737289762,0.3450531537843785,-0.9020819909538705
-0.5584745239691673,-0.3384856281142585,0.4030014070429268,-0.6065103076149555,-0.5089794297238341,0.5331224013702872,-0.2221629269799013,-0.5306460785271593,-0.5370886676210633,-0.05564361852552184,-0.6177205311168413,-0.016913945877941577
0.19857882519548908,0.12066733273343751,-0.6523604205221202,0.3463652939662331,0.46741855916114716,-0.5148648759501893,-0.5161840696285451,-0.6997261150468052,-0.27714375036519784,-0.2904053690432452,-0.1599566311091945,-0.6222490384795699
-0.5330411400283299,-0.3292582968484738,-0.131152445754332,0.027407092945674658,0.2317498693839639,0.19672927760876768,-0.2690384805459474,-0.4800864132073845,-0.35716761043058154,-0.3549748110371723,-0.1370633966256071,-0.1625360706862726
0.02995390855392366,0.01628698942196003,-0.15774523854092296,0.2986297339757826,0.200814143082221,-0.07688099172969512,-0.12391370175334482,-0.3428058498911647,0.09589663981909179,-0.4110048136274613,-0.24951763521807102,-0.6277538027306167
0.5587291547356223,-0.07523467265107053,0.02489868027982537,-0.05308123618119915,-0.09973147193271764,-0.037342892183482065,-0.14487574380889384,-0.4012126190688209,-0.10687372405818439,-0.131380109867829,0.09980600861270428,-0.20706801343449174
0.23122380252345368,-0.2254196225585874,-0.06284741415457831,-0.001901257593783269,-0.04870057603261407,-0.062175112669679976,0.006572031266666068,-0.5517527664021243,-0.12932670435270247,-0.05127791630190781,0.029960514253767327,-0.5768084358444713
0.8602502273614172,0.4115601289043674,-0.454551812707786,0.4524121418853235,0.10742102786069276,-0.4700560280434742,-0.04746141752921666,-0.6613755720588149,0.3884113032071752,-0.4200496750492892,-0.054747492804415106,-0.43590599220182874
# Weights from hidden to output nodes:
1.330205072605703
0.45948875442383824
0.8770164993605128
1.9434415619617167
1.4225856561362147
0.8989582919342016
-0.14272854313491395
-0.33561579971861
0.20379875271551295
0.8547109194308936
-0.09098875293276017
0.3533330753034217
# Biases from input to hidden nodes:
-1.39358448252926,-1.0053035942397348,-0.3014433338125025,-1.7090265862694365,-1.5418974400367986,-0.4141678888803199,-0.5888982864859615,-0.37088069153729686,-0.7958376811539196,-0.37799562188032165,-0.797997892877414,-0.38834347097063965
# Biases from hidden to output nodes:
-1.7527890286581174
# Number of epochs trained for:
4500
# Mean squared error of finished training:
0.0015323610275682193
# Number of backward pass calculations:
20596576
