# Weights from input to hidden nodes:
0.38271856595031717,0.2351528141750369,-0.5324602725172216,1.2327000116437041,0.5188524695166229,-2.4193053838365306,0.17528182557210875,0.17522058209313784,-0.6986232356978169,-0.18389678597244852,0.17656393656869918,-0.13736049466967923
0.06023117532626291,-0.11339279941449776,0.43780871238325053,-0.05847055309087026,-1.1587490023562268,0.7598082003078379,0.181801773563837,0.37265106143205384,-0.8842180923572331,-0.07216937542040315,-0.5106068633577351,0.18063487516786084
0.07218639629929301,0.40866992547766423,-0.5490557122478199,-1.6329308250126062,0.5261860634284842,-0.486718148349181,-0.42188130703175736,-0.3197899585512309,-0.5774254917983211,0.07790874741754458,0.2910848421084964,0.04862625628894582
-0.15276440874040564,-0.10066663958233318,-0.03968076681956191,0.1682623811548536,1.3237703610379141,0.8867114078715839,0.16280688104474336,0.9366084882961044,0.130682689677266,-0.17078338598784557,0.363185047147017,0.18612901067398677
0.0037158978677217245,-0.0030772543235839376,0.1925904754156499,0.24478024725840006,-0.29656861877432983,0.2758244556897464,-0.17855513105023688,-0.06262326034734259,0.013102444856262592,0.006969539516439805,-0.33553640023171294,-0.1211070813894789
0.15040132450966096,-0.06356522702414548,0.10352110475856882,0.07588059747322168,0.3082667557043404,-0.05942546139278357,-0.0070281908493738405,-0.13394127396052072,0.1070525337380043,0.055002811958081536,0.16779951903241389,0.1382125349074606
-0.1882575249100465,-0.2809481303081557,0.09780837480745722,1.2261997460494607,-0.2766751341399818,-0.2805074399133744,0.3096168199247883,-0.7618384482591113,0.37253764057646643,0.18474911995266172,0.09133057324621699,-0.2755437175067266
-0.040970304814405674,0.34025959858153115,-0.3383665818509002,-0.12273175251325319,-0.6564070623202299,-0.5551733832285686,-0.05203741561548808,-1.53476523581612,-0.07989531598786238,-0.04226731412525332,-0.13679827412848133,0.11702800638141132
# Weights from hidden to output nodes:
0.016464470080815957
0.11629995158710127
-0.12207634404872958
0.35751625222483013
0.2714031322592193
-0.4604204969569013
-0.135917419746654
-0.244587634368603
-0.36735667521546117
0.001422874863642242
0.06871014039202648
0.05101974758585042
# Biases from input to hidden nodes:
-0.14720241998113992,-0.26903470815205033,0.40298175518629314,-0.4930960085153099,-0.1007548949994986,1.7740667266974444,-0.00629898899069337,-0.3533661348963272,0.3397154885291877,0.1124424792731497,-0.13682516372208528,-0.1047548650758081
# Biases from hidden to output nodes:
0.6015007246635846
# Number of epochs trained for:
8000
# Mean squared error of finished training:
0.0008932322561755708
# Number of backward pass calculations:
36612576
