# Weights from input to hidden nodes:
-0.4700424276413501,0.4960071558412632,1.017052655495664,1.375781097736861,1.3992603011543945,0.9149854339443703,0.7090377815153595,-0.9420781063557409,0.595965487454843,-1.383152959242383,-1.9368315842550317,-1.2318737655238583,-0.16227292387416883,-1.3901972918404082,-0.9551261140653868,-0.5045982542622843
0.03348135556181136,-0.2373011237463589,-0.7108039467995573,-0.5842645183319565,-0.8409739527172146,-0.661108788981649,-0.11761231538520156,0.09205023067675297,-0.4160081774095322,0.2599534073598806,0.45671768540643265,0.2484855701744906,0.1859932347550387,0.3507722141622277,0.3733777179665211,-0.008629511928373077
0.006652734774997682,0.0852124693433786,0.10668030205218247,0.07255284307703455,-0.15120826436054613,0.2926129590578701,0.17420865554474402,-0.07077336200158758,-0.23785358421275854,-0.09782077781312509,-0.5728670561411981,-0.2230080750621071,-0.16463615855044295,-0.2100324048031416,-0.35595417764738674,-0.18014443004521974
0.024561776285870682,-0.17661471829066083,-0.20318841995472678,-0.3026147939557744,-0.13313487970875448,0.15320604421875755,0.1730185575953193,-0.004725400927635955,0.09894935129122824,0.265539349750443,-0.1250166292916908,-0.07745977463171876,0.059941962317227655,0.19681169121606124,0.23097091301678788,-0.25239045367083396
0.0007284817232515174,0.0682430279494344,0.13548276333165948,-0.08436276965246009,0.19726928935288007,0.20194537006577795,0.192804698985345,0.15862512447801388,0.24473947739398025,0.11302523221216543,-0.23059101779709712,-0.12401331551540296,0.09133696408132073,-0.04972619924744265,0.18982884687170673,0.11208148962011394
0.24188060373271134,0.19953747245114925,0.2225923766384292,-0.025021447631985824,-0.1208924577626747,0.06290011227215146,0.09842158284401746,0.0018468001315877515,0.28753147162210496,-0.09600533761454594,0.18333615747717524,0.04977009529137442,-0.16181607070961743,-0.19458123009378653,-0.14264213179887658,-0.1954857427015835
-0.1508826548341629,-0.1410662696694365,-0.25752887372928096,-0.045058476543496304,-0.11327015306513133,-0.10163997074548937,-0.22699463475118253,0.03447383677225515,-0.1423279058899246,-0.05392018563962301,0.15169175042508942,-0.28006088709407295,-0.24661600633931605,0.1571298588073681,-0.26067013781897663,-0.20697338259022732
-0.12067348816548788,0.4455198365869814,0.5450736361764679,0.41510227672183186,0.5165257209638379,0.025583821745137132,0.4184569873523611,-0.3460041396849222,-0.04271054048434467,-0.4073237435576024,-0.7125519090473437,-0.42762977830975984,0.18196530976245712,-0.3501223307993641,-0.259583696519841,-0.29065600923555956
# Weights from hidden to output nodes:
-0.5092483840856857
0.5907366539786396
1.1885797203662751
1.3898228932643786
1.4563914650470489
0.8595953732204186
0.604592805443997
-0.9711798528846389
0.4959472492853199
-1.2309428556576256
-1.0960121901181499
-1.0086469039009471
-0.24767127511934578
-1.2517075135795428
-1.0164462259617024
-0.547905671325295
# Biases from input to hidden nodes:
-0.28146314073534895,-0.3675783110142903,-0.4784056082784875,-0.34938613381103695,-0.31614229751936246,-0.10990284018430414,-0.2594172609506417,0.17277465584616733,-0.011571266605507731,0.05653008912954603,0.055067896274628395,0.16347411186162317,-0.10729865045899782,0.24638429478067034,0.06022217808603251,-0.1620931159378976
# Biases from hidden to output nodes:
-0.6538775776383324
# Number of epochs trained for:
3500
# Mean squared error of finished training:
0.0012595085080875392
# Number of backward pass calculations:
20949984
