# Weights from input to hidden nodes:
-2.4370502329768358,3.15045792267843,-2.7198681706639416,-2.5532348990233804,-1.1466755958341917,1.5995126778361886,2.462574335918664,-1.3073029472588866,1.4935671789234655,1.2883216843067238,-0.9333191151739578,-1.887960442406814
0.3343844745026692,-2.1936226682050086,-0.07462488497926072,0.23582751075117017,-0.46501619263422983,-0.4724540138009128,-1.1196028853416176,1.0307071227441673,-0.739569770183897,-0.8413011452923826,-0.38954755409287284,0.12561592831640422
-0.7399556320310591,0.002566625606890987,-0.39957980873599896,-0.49139352868970193,-0.2993287653171461,0.3989928416899828,0.4849871842531397,-0.0656774152090745,0.020325578731545987,-0.007091828512971916,-0.4758359502067033,-0.5064792494258791
0.17638364963322023,-0.7184024904280648,0.1039752823394793,-0.10461045416199058,-0.2785357495374177,-0.07057188495794176,-0.31667344567614913,0.21607343562207018,0.024480609659803254,-0.13111138386120666,0.021126018450550278,-0.12832500558241908
-0.5911411331129584,-0.11565108262138746,-0.40211070014908273,-0.8081306350295977,-0.456294332395872,0.28445285355870936,0.1924808730073153,-0.5734053567142556,0.35393041941994047,0.3704103579856489,-0.35459512887001765,-0.626490071216545
-0.3064982427590865,0.8710197607280104,-0.26015761549065824,-0.06506858014796989,-0.19871163150982452,-0.2713890155659158,-0.1145734130102066,-0.41167280063168604,0.02866093525892547,0.3548882237973394,0.1015360509087194,-0.3094197634696645
0.07615834657118493,0.5259168466520246,-0.035912576663134355,-0.25199803828628103,-0.08640969353229672,-0.34950569518929137,-0.05288711055172987,-0.15632398837772535,0.0712397702150561,-0.18909556814686704,-0.3109896277988565,0.08192322668201539
-0.7793974299299681,1.9508419300564603,-0.9035741762325803,-0.7599791005536775,-0.32596362753260016,0.15557483168513142,0.48008851350862924,-0.8274015530310587,0.26383638324171577,0.7388666192205435,-0.22877273191921688,-0.6347747425156925
# Weights from hidden to output nodes:
0.33531573022800065
1.5316766701062643
0.3990531744849319
-0.21766407933441032
-1.2940017938582833
1.198508521165225
1.9775377885911503
0.8278997953119553
1.112861686567341
0.8873041183634609
-1.325756803080936
0.34126624054937654
# Biases from input to hidden nodes:
0.41550255588002966,-1.3120179970636665,0.757802040125704,0.7170066632989486,0.3082483932328907,-0.6853166985731134,-1.3501405374547855,-0.26742430030770953,-0.8585281296877525,-0.6146072776653627,0.08416817408531616,0.17174857460674267
# Biases from hidden to output nodes:
-2.901412974566061
# Number of epochs trained for:
10001
# Mean squared error of finished training:
0.0013697434667895203
# Number of backward pass calculations:
45764576
