# Weights from input to hidden nodes:
-0.2279601159054245,-0.5012733914877293,0.03391011625383228,-1.2485936859035254,0.44762862978299894,-0.0864758371073181,0.04121863008397274,0.47292819388505725,1.6141249373289073,-0.7152909852016971,0.1253693811232489,0.4406918669410109
-0.20448389732996164,-0.8117504845003913,-0.17662431596511446,0.6626840467014765,0.035939121328274204,-0.2464885476974646,0.05220766013281408,0.16071042890635734,-0.5804873420727208,0.3252416017693971,-0.1210981273110486,0.1982852255842069
0.13195057661785048,-0.17999577028576527,-0.18195157630137243,0.5970897067819512,-0.34030051817857027,-0.13003309165316645,-0.04610794680631064,0.1738453766156857,0.7912310413739139,-0.10041292226118553,0.269186333466923,0.28692401495413933
-0.32707731729288225,-0.031108911405289166,-0.06520478978057437,0.474000469284332,-0.07542431369141428,-0.02984282019039003,-0.24016451352502385,-0.003878941105071311,0.15385184884494604,0.032210928361434334,0.22097702594870716,0.15077235115752774
0.17886526871801142,0.1670388583051802,0.05778621271940865,0.3733383456343601,0.2963533209912286,-0.12570390133393633,0.19091697294863513,-0.26782626933812503,0.14660577552537837,0.02201493425816144,0.04901351820823627,-0.12315387855183452
0.1659029249362615,-0.05149440637053082,-0.22122164054090426,-0.10764810375639301,-0.00450093358100187,0.1676435810517436,-0.031373409111925835,0.22278130705584426,0.07161123838045429,-0.13330191877279107,0.1410509929181425,-0.03241557217621823
0.19752543124732036,0.3909391887082396,0.018366969107519393,-0.5015337237324707,0.2757647177419364,-0.010833111203253531,-0.2063454267178203,0.11295096142662284,0.16824357324941822,0.002400076535550487,-0.05791550776732771,0.2663150255627882
-0.04121630819931946,0.46735521363375904,-0.14737746818021014,-0.6102876020865421,-0.03575619545112706,-0.16289211238515183,-0.035347634872896494,-0.11783434944527361,0.4019628686734976,0.11270771371990487,0.24103951160537299,-0.16341949423108423
# Weights from hidden to output nodes:
-0.4699314824440064
-0.9214894200509651
0.07605462611057515
-0.9055309184984388
0.6017151401910122
-0.13815021553677997
-0.06866830361093659
0.26201375828774964
1.0717745469741937
-0.3849868412814779
0.23347340434269379
0.28338291120449083
# Biases from input to hidden nodes:
0.007793710756142968,0.16713851486663386,0.1114171231451927,0.7564127443081857,-0.14054120059922312,0.145234104730961,0.07641935999855212,-0.14126271920211209,-0.631520320650968,0.5693037140445164,-0.30484678696054635,-0.3214171270790506
# Biases from hidden to output nodes:
-0.13072805077077496
# Number of epochs trained for:
4500
# Mean squared error of finished training:
0.0010366482383182636
# Number of backward pass calculations:
20596576
