# Weights from input to hidden nodes:
-0.4509737968856892,2.7574580095174226,-0.4070496992272902,0.11836749743139484,-0.12716238294879517,0.4606182190449214,0.5423811023000474,-0.347515144613495,-0.15395145524627035,-0.19792368375819108,-0.3395797647877202,-0.8769676589015603
0.19304998826756356,-0.46699757625415755,-0.3129342211339144,0.19233707459618624,-0.11057957089685945,-0.23947312843332066,-0.35049370790963424,0.7258540013201076,-0.1944626798611344,-0.07875373231936253,0.030930687427686128,0.6417414044519955
-0.3124624948677644,0.24820133866726451,-0.13974731715150382,0.15652019482593835,-0.15136946153236203,0.11193927186334751,0.08878347761369595,0.23535066497341334,-0.1872013196253897,-0.11243485868780734,-0.2664979627837935,-0.04174803528693128
0.15549235430439992,-0.4504963852564338,0.27327868261376537,-0.20946012508352482,-0.06482538121660417,0.12709649083454053,0.02685517903540009,0.7745214084528037,0.27175398073947715,0.06566539344515057,0.19918701340149403,-1.734075811337615
0.015505536596903544,-0.39411321931503934,0.14874669544894567,-0.02811845772467121,-0.03622893540250061,-0.04870167838821408,-0.04411648034667803,-0.21000656946460572,-0.048693376259337125,0.2061913079753641,-0.10510547223911763,0.14969790112650075
-0.052339247356782415,-0.029989866185550915,-0.017177867598023828,0.12146277410338197,-0.06756209753789735,-0.17483310521575782,-0.08226964915188842,-0.049247240573877644,0.006374728805935587,0.06763395846412648,0.18854105697612775,-0.38503697255877917
0.21423004771596055,1.264409657006955,0.1900060001093063,-0.42947534107005897,0.16673250540180748,-0.19781588242713763,0.20214320071960037,-0.7637402486551795,0.39555067910160574,-0.24892258837585668,0.009737155124801116,1.1455643074320307
-0.2777116389904919,0.28904633304980293,-0.36696574711057023,0.1685423485431228,-0.13279775664403023,0.040964325783581855,-0.03927928073958456,-1.3879534973269287,-0.36422172354761695,0.04840862939567978,-0.18369890216760731,1.267056579457199
# Weights from hidden to output nodes:
-0.0783070609990631
0.5569635816035646
-0.09124950582439025
0.09614571674866881
-0.062004732710099854
0.03388730847926205
-0.03248493166566054
-0.3026016176962757
-0.1144024921734222
0.02317622753198288
-0.056693791693291556
-0.27271368291374165
# Biases from input to hidden nodes:
0.2839810932865128,-2.3113561595982453,0.2245639074386171,-0.023718579174871152,0.285846304474476,-0.13079510849503326,-0.24243758199239598,-0.13364457541993457,0.07812101453051253,0.1355488118581298,0.2523792257809474,0.0038973040223006876
# Biases from hidden to output nodes:
0.7928161481212512
# Number of epochs trained for:
10001
# Mean squared error of finished training:
0.001080978058676748
# Number of backward pass calculations:
45764576
