# Weights from input to hidden nodes:
2.041536483878658,3.3334592264188774,1.2929659802041629,0.21859329770147953,1.4670808849005306,-2.749113439261171,0.6217350751250594,-2.652433654054597,-1.4076208095582603,-2.801101900675173,-0.0011821609756475632,-2.1441078222873324
-1.2863948951447464,-1.157428784153366,-0.4802601051325397,-0.1810173160530985,-1.0707305109551835,0.7091815021784942,-0.4868139797153926,0.5080387321750642,-0.29608866395840666,1.2198680647717266,-0.4931771148643542,0.33259656254909553
0.04875719317372007,0.16085765556772266,0.36236698935060474,0.10123368713853169,-0.059819702912075244,-0.6327252385245932,0.28778950524704655,-0.8638125366779221,-0.7755758173555151,-0.3687000197367674,-0.4066524901323321,-0.9312290555993151
-0.47750959916833136,0.010876628229182336,-0.2387711641448488,0.09397629370410315,-0.36302888513559567,0.4301619533166618,-0.24358213184065539,0.036444890878949754,0.13090076933053268,0.12117696046419463,-0.23602786220993144,-0.0699487433022127
-0.01252819838586981,0.27420612855052734,0.39348215128647196,-0.2670730633267893,0.1849158289188274,-0.6882077530752235,0.038557398930606196,-0.6540722308999857,-0.10281943745364377,-1.0295382834681572,-0.09498652530843348,-0.2969097027234863
0.4023265536052593,-0.24437153485764765,0.2937186041165854,-0.1305563408863713,0.25769660559056823,-0.2453480794516492,0.3414132537331572,-0.27605620026200955,-0.08485076831349112,-0.10528240196459414,0.19230687751972042,-0.3367299337216733
1.2067825471667721,0.26450261659576296,0.5955830929737743,0.14310471611572126,1.0390968071867752,-0.7559058717760407,0.2958457979473213,-0.8303993172955636,-0.4894734141760845,-0.8141413924229941,-0.09723773609356957,-0.7687504430577556
# Weights from hidden to output nodes:
1.7684513372129402
2.4766220307971545
0.06250530189511824
-0.0980998525077837
1.2988447730805375
0.8002080360454366
0.5572832415984617
0.4657242754806343
-1.5132869949702354
0.1375929017171574
-0.6550125136452246
-1.2248518952095302
# Biases from input to hidden nodes:
-0.9339255915249933,-1.527787856746455,-0.4999167887891645,-0.19070276179802265,-0.6661129962877593,0.5427829158077608,-0.6243141586698504,0.7402290474083436,0.38314200973596824,0.3305041598544194,-0.023440324769485568,0.4811109553040575
# Biases from hidden to output nodes:
-2.225364470096929
# Number of epochs trained for:
10001
# Mean squared error of finished training:
0.0011907328633234957
# Number of backward pass calculations:
45764576
