# Weights from input to hidden nodes:
-2.1530763102509995,3.1998273075789103,-2.1326751149460077,-2.35259288460543,-1.753598637950643,2.275035216048461,3.3407743499020026,-1.309433097135167,1.9455273914548623,1.5153337666106899,-1.7533989962879584,-1.6568952466818068
0.47469076726859627,-2.436016179088626,0.1775680391149919,0.3044341733364172,-0.7632484029702659,-0.26818713551754,-0.9440253417276758,1.105289348148561,-0.6586082027904638,-0.8483126039989257,-0.7751807160493822,0.24038213864322314
-0.8288701423878704,-0.056107668453090516,-0.5504885733305976,-0.6167002245204991,-0.41200889320760625,0.6483287452982582,0.8273418519196853,-0.11111024449068528,0.004373577187622206,-0.09682181097732107,-0.5954646809856932,-0.5775950360272714
0.11788569551034107,-0.9762166430192665,0.004950842670447781,-0.20453399817251744,-0.3890867434488096,0.13155575979028164,-0.062317523801996025,0.18815441642951586,0.03101809246226196,-0.24364948287641894,-0.10180290283058141,-0.1762169815639352
-0.5887274412186638,-0.5523891820692738,-0.32862928086551474,-0.8145777065451943,-0.6309968275611332,0.41609324198142406,0.21192045647077526,-0.6431048643854205,0.295525975783362,0.236942351986151,-0.5820413111419455,-0.6293010498639172
-0.19787528788965056,1.4774911133989257,-0.03474436276112911,-0.022353503489572827,-0.503549784523802,-0.4130454721056644,-0.2808886584286324,-0.384363124835451,0.03957212109707324,0.4528430867634904,-0.3004486529428065,-0.21348851468744542
0.1770422750549871,1.199073867118958,0.15085171148861637,-0.22568366007193327,-0.37201554406981163,-0.3677595212818849,0.014535531528513486,-0.11063675870444373,0.19403358109738997,-0.04255126168237974,-0.6862811717864614,0.1722771418997675
-0.6654546767232273,2.822271729889039,-0.6692671045034151,-0.7160530813325993,-0.6529148528311763,0.01310629217367025,0.40278257493773156,-0.8010642466778286,0.3428113446338343,0.9106920595573359,-0.6612625759907279,-0.5347318335787548
# Weights from hidden to output nodes:
0.6376090612674463
1.261758403992183
1.2334363622497564
0.7466301492232866
-0.3498647831809118
1.5610677335315408
2.1086613664689806
-0.11196612747001597
1.3517996141876336
0.8195446764056517
-0.8302420653982016
0.5293333974602247
# Biases from input to hidden nodes:
0.2061748490378144,-1.5305926459775554,0.3553501005265458,0.5032092696716768,0.43599343232113635,-1.1731446414943587,-2.091166525247749,-0.3618760043273898,-1.3915138288470856,-1.0379480616506407,0.2797945470830161,-0.006790650749092041
# Biases from hidden to output nodes:
-3.7473472984942715
# Number of epochs trained for:
10001
# Mean squared error of finished training:
0.0013485700319583538
# Number of backward pass calculations:
45764576
