# Weights from input to hidden nodes:
-2.064755025666897,2.5778769074657055,-2.011428408861456,-1.5878651103529082,0.03059903044934784,0.847861414391571,1.5510892093291802,-2.6869498059227563,0.7974573971019923,0.8488592919320489,-0.056497037720017226,-1.633823102886957
0.35129491756745834,-1.474302520839234,-0.049128272365019376,0.40155352516322684,-0.37262782926263516,-0.4151955274355738,-0.8016132206116195,0.6040847504940412,-0.5942840607429536,-0.6762535568324977,-0.28393559351554953,0.02058331590637891
-0.765834827356063,-0.15792827809276488,-0.4542692291007062,-0.47763056644562474,-0.12939602623036928,0.18853957630741283,0.2720209348493698,-0.32514272869590005,-0.07246232721432912,-0.0601138613992104,-0.3596560112279533,-0.5363716676513058
0.21180508341620471,-0.31872326485640934,0.14359482645399993,-0.03935794417687892,-0.20051353192667015,-0.11005115734903818,-0.2233721253369601,0.08370135401343454,0.04518738785665376,-0.03367314030264516,0.10156883370917072,-0.12857197223840625
-0.26063157959291167,-0.05710493968495172,0.08422512748741784,-0.2673141027381909,-0.06618705995538761,0.08404835045927758,0.06608266379062666,-0.7524296999467459,0.21206009094669034,0.27648911534174214,-0.05476343156107326,-0.32851999166716833
-0.26880244657254787,0.11143030851543491,-0.21132270107902476,0.023520641657480246,0.010088668213168684,-0.12581988683210193,-0.03193988284462696,-0.47693003144116314,0.06360855827649475,0.259073649269949,0.2767646119966343,-0.2742333305376026
0.10723683574356184,-0.18578254461330232,-0.0514114045840066,-0.23545152879699463,0.01171636208469542,-0.21785043652414238,0.012707725227741275,-0.09717919205929927,0.08343361063363212,-0.27162911501686077,-0.20700816501444472,0.10045221854374495
-0.7605130322098661,0.8031700997222727,-0.8511877176628575,-0.6399835797779961,0.0368232256341389,0.19967676111218297,0.36572030073910683,-1.1081789049617068,0.15178523780161254,0.535908463432059,0.05910570688888688,-0.6069868121275822
# Weights from hidden to output nodes:
-0.9013022349415589
2.23380098339865
-1.4469912515960235
-1.3180730371915752
-0.2107507285491426
0.655480231976159
1.3145845401703231
0.205408074330416
0.6213837070561025
0.7666242581046084
-0.31920342213088626
-0.9129552860833505
# Biases from input to hidden nodes:
0.2599415745950752,-0.8520755931018865,0.4237862128053491,0.28703526971105536,-0.033489241991498116,-0.19138541087064012,-0.523402353175163,0.21141045201487893,-0.37129467865611604,-0.2413138900160107,-0.16592888758867932,0.0830933813660981
# Biases from hidden to output nodes:
-1.427413421084889
# Number of epochs trained for:
2500
# Mean squared error of finished training:
0.001302010283874375
# Number of backward pass calculations:
11444576
