# Weights from input to hidden nodes:
1.716176390135666,2.5480196961413224,1.4156574749049926,0.3743645907303575,1.1331329524530795,-2.9349048633477293,0.6191722917622831,-2.7561722801335566,-1.0508089380112022,-2.6060402939771126,-0.05690177170253484,-1.5241154566076918
-0.9415217289487949,-0.9035657675719306,-0.4510382721381993,-0.1663169204068894,-0.7946016610980885,0.7147191810172449,-0.4500619083003916,0.5563606089055219,-0.228281320766557,1.1478791966643298,-0.41502088195381165,0.411311283043285
0.25518616242076797,0.014752747397468782,0.484873546434762,0.1972556723274841,0.0323967395003659,-0.5687948768773798,0.28640522809869284,-0.7245235428269168,-0.38428429436667016,-0.31320600363508727,-0.33044202519785804,-0.2964422304061482
-0.3015119812470353,-0.292510769092044,-0.20325288576046302,0.12991196387404544,-0.22094079553187573,0.4774464093696376,-0.1375336903597833,0.03488760993494248,-0.014607391804990556,0.15285673104832567,-0.23518869140140605,-0.30664959230023636
-0.013219109604942604,-0.07199631889872778,0.4697735433002224,-0.18915903623472627,0.16987187847352592,-0.7499436541267386,0.06382609622037635,-0.695205132498808,0.07706203049178724,-1.053235698178623,-0.04788088853480563,-0.0917005950093033
0.22414791533314693,0.06539010391671768,0.42290589521579713,-0.08089044348446586,0.10769274804240517,-0.3142751461438163,0.3690216543499735,-0.3233807389024488,0.07595025140229376,-0.21487168232923862,0.26525626083120224,-0.2363772037302558
0.7933965785437171,0.38175463910587876,0.6736583697520467,0.2083768938106943,0.7080466417843203,-0.7449468901014603,0.2866017114273649,-0.8054128609096761,-0.2908897289140975,-0.7408786331222648,-0.05722639118444791,-0.5567589705041974
# Weights from hidden to output nodes:
1.733312442050464
2.859810184549833
0.23064219622907484
0.08491971146482072
1.1650581663125361
-0.08445605653500902
0.5652687659720118
-0.3375986707968816
-1.3503594337596427
0.7453626559038221
-0.47219971272645783
-1.6626417815893664
# Biases from input to hidden nodes:
-0.7623125489732798,-1.3584392211699658,-0.4299966842465052,-0.14248276542302624,-0.5058234943417977,0.6682640991501446,-0.5334507352142819,0.8060712684589496,0.32824581151313403,0.34608335740636903,0.062053331747762897,0.3046465183910363
# Biases from hidden to output nodes:
-1.8725946414553059
# Number of epochs trained for:
5000
# Mean squared error of finished training:
0.0013719632759908995
# Number of backward pass calculations:
22884576
