# Weights from input to hidden nodes:
-1.768641558004763,2.0909121613173935,2.6203137538908283,-3.7639004196903896,1.2599728089012219,-2.645143314291415,-1.079102839071869,-1.3894329054241483,2.789927106548367,-2.819450331415209,1.7612057793382223,-1.9138522249352206
-0.3272766140131956,-1.2543866956852558,-1.2207040779620835,2.0686085692650455,-0.4278294546803772,0.40250236526884436,-0.24008240662066388,-0.08642419142489155,-1.7477954610093913,1.7612566556984006,-0.9587757429612735,-0.05024078428758104
-0.41886563539063953,0.17756942323868088,0.2072100975252879,-0.696839808661668,-0.05945016029422802,-0.6525736850136652,-0.5067186486333264,-0.5035626465150386,0.6922294610460514,-0.35968992314597753,0.3198066838479322,-0.5142187450842209
-0.2103995220147574,-0.405900828908424,-0.3693590871366545,0.8557116975080793,-0.4471859810472663,0.19058122044748024,-0.44236216794335115,-0.14992324207814628,-0.22362299739946687,0.4443002883291501,-0.1923897484373145,-0.010086768424692465
-0.3198196298816895,0.2908315158498307,0.2882315302877797,-2.5759649548741823,0.22366855055514334,-0.7857163736724371,-0.08100641618274614,-0.6282338455851773,0.4575919185961576,-1.6521172293528754,0.23627020006320834,-0.5728766522435215
-0.14975092175684643,0.30700894655687044,-0.183712207673059,-1.169714377784401,0.2619637353674862,-0.20174302981065015,-0.13708825090650267,0.05200393398808637,-0.005137562311603918,-0.8530614579118881,0.38154561399217307,-0.19161658345552537
-0.011719463618453366,0.38266220952456625,-0.10183263869839662,-0.1324225944254785,0.1598360899619343,-0.15713479086910392,-0.3239208659235313,-0.057587085830016614,-0.24321313486334545,-0.08033370919987212,-0.10561846946476738,0.1042770988328366
-0.4388206588652057,1.038484578322794,0.4026223298123183,-1.4899822268385468,0.5263571953381448,-0.9245718179612438,-0.30040208673035457,-0.5456658412567935,0.6992155312794273,-0.8215851788412623,0.8370761509234914,-0.6396692281021578
# Weights from hidden to output nodes:
-0.8830420213455161
1.379612610201526
1.7071757224317283
-0.47110336776982403
0.9702883940141912
1.3828579318616598
-0.9616067456276359
-1.0178328183911483
0.9667234465056053
0.7243563202940131
1.2921809491508522
-0.7996461517272678
# Biases from input to hidden nodes:
0.03423955081099342,-1.222073230491319,-1.1714049310321457,0.8773485309619369,-0.752631602442259,0.595434607760374,0.0756473487663327,0.10958837060187403,-1.1764106203838238,0.5895139109157597,-1.1655764083712454,0.02148303650691044
# Biases from hidden to output nodes:
-2.5987763396871237
# Number of epochs trained for:
5500
# Mean squared error of finished training:
0.0014143744128062618
# Number of backward pass calculations:
25172576
