# Weights from input to hidden nodes:
0.4304126828120024,0.283640609008879,-1.2223650052959747,2.9379353591342503,0.6689615025217339,-0.4981525054897482,0.2501950291009293,-0.690866636871887,-0.2598343706744047,-0.2994608371683026,0.11660653505602145,-0.0296040349053773
0.008531338526339102,0.06133578019661609,1.035367480492536,-0.34546955446997213,-0.1608556592500037,0.3548058267927798,-0.028073269904021248,0.7408491452011776,-0.023816882533876812,0.004592253814681153,-0.27978214298216286,0.39000797594097747
0.08716491507512229,0.13069493429215592,-0.4439776841076501,0.49951588100988614,0.06074497513400553,-0.3389642259292404,-0.18153516964561625,0.29439315621428097,-0.13960861854053003,0.08006472281696643,0.11883612909803191,-0.12861901487553332
-0.17450025741162192,-0.052670137031551434,-0.5006395994735526,-0.2110140504212877,0.30545818949654074,0.23114329647870915,0.08658530752727366,0.5574225288695824,-0.027760775785050686,-0.09633735213263663,0.26392415435119865,0.18650279910997358
0.006659345247624266,0.01345596120751038,-1.115856736905188,-0.16745191558362738,-0.022953879830494003,0.11619689981616103,-0.09461337414868101,0.7138120867093138,0.07401181210876491,-0.11144637249085458,-0.2685146719126678,-0.03376998435559364
0.18617851203682273,-0.08671442708287155,0.17435451000725588,0.17505969002436408,-0.034321079502372114,0.07933881985365143,0.03081568441005553,-0.2603840399258397,-0.00611021568482542,0.02818892722125581,0.07063925643739163,0.1434817985979499
-0.28674659013965875,-0.2938419417439263,0.340876126560769,0.5386722476585273,-0.1354720554513209,0.09805402457455062,0.2168144489166287,-0.693340515229312,-0.08542071504988537,0.29376940955496106,0.1985392263827477,-0.35105511013727786
-0.06022427763691674,0.2550779779799075,0.5760637042427391,0.43033684771942043,-0.37933474766295705,-0.18043041275753335,-0.006806549329482375,-1.0809869490575423,0.3601356954223525,-0.027230007365027484,-0.21705871554078343,0.09156488494924424
# Weights from hidden to output nodes:
0.01576940975025825
0.0425043802495429
-0.2837163933970058
0.600926261727933
0.014371066858744785
0.030631834926485666
-3.450328958233854e-05
-0.339433012201558
0.02309418694321009
-0.03900827665286371
-0.06491705234864628
0.07161112663484354
# Biases from input to hidden nodes:
-0.12625526464848022,-0.18382243014628571,0.32918396364438113,-2.924827003986481,-0.27941604740471077,0.11345519631285546,-0.07011371681682184,-0.45506699059752287,0.14643503088827825,0.09058713253561755,-0.0734562601540074,-0.13331580758045022
# Biases from hidden to output nodes:
0.8223088597553431
# Number of epochs trained for:
10001
# Mean squared error of finished training:
0.0012034387215038
# Number of backward pass calculations:
45764576
