# Weights from input to hidden nodes:
0.49831159003096526,0.3138860314937122,-0.709798209249765,0.7186848564376261,0.9352212651032354,-2.312570332678294,0.4209779933442694,-0.1037780330759802,-0.09155442329268576,-0.26228523434429896,0.09259162625429246,-0.16518044251873543
0.09879409538415998,0.041892823047525056,0.24650888735217377,-0.007168363158206408,-0.998607360015891,0.38404648463136276,0.008190697671271618,0.7974449546312353,-0.013374281726384255,0.0397287135216926,-0.6136716889643304,0.21389255078432098
-0.01567934386444185,0.18360586648883093,-0.31749086467140425,-0.23208921155897913,0.2778377365834445,-0.369407105802773,-0.5779361110894149,0.23097863822884845,-0.23264444892925149,0.0856905738386639,-0.041578941185657935,-0.06115911407955017
-0.19340743472039168,-0.11738322930169576,0.004093470938503187,0.1089921794909125,1.137215102170424,0.6545561793294684,0.15024247373216656,0.31277216935261654,-0.01892755703533637,-0.3253680728664888,0.41969086934798266,0.3172639902352289
0.0369139029456275,-0.016508463964423493,0.09951955617222934,0.16487958855851614,-0.05224633540067724,0.08753836045677925,-0.015163898280398271,0.362990704089862,0.15265997613721413,-0.0194909235224188,-0.29733274856225067,-0.1206283065638148
0.11888647272458622,-0.09639175476696737,0.2658557083007151,0.02586747005776777,-0.08423024634028056,-0.16560799976683482,0.04738939464827399,-0.38576641659201644,-0.04384711935978501,0.17351221352433996,0.1092831002444637,0.138754392478675
-0.15699641416114865,-0.18554178612738545,0.0940279685890633,-0.03785064391112346,-0.2234141243583353,-0.3431110606077059,0.2712004349460327,-0.529486566671288,-0.10561833224043402,0.2057881592936301,0.13306824278320953,-0.22231832854718964
0.0028856660346325705,0.2970416448312685,-0.207702533351392,0.15358035416491178,-0.6968077134930345,-0.5394081245362159,0.19500793240318792,-1.2406590151584234,0.2304192888265319,0.01594989134461057,-0.23061584263715743,0.03077337545825455
# Weights from hidden to output nodes:
0.07965121350060256
0.076794323510223
-0.06130285057759511
0.07770519174085075
0.343316150361225
-0.6296270220540903
0.11772355995369103
-0.2630261775908043
0.010723146776436059
0.015884115421271643
-0.25306739566423886
-0.04079920471251285
# Biases from input to hidden nodes:
-0.13045520241068345,-0.20767806032366523,0.31922284815148605,-0.3357135291833663,0.0007183059652155309,2.0733666219796727,-0.07451842855927318,-0.5281470847510192,0.13714787326892658,0.08432123861876695,-0.11739438270951015,-0.10412852335866869
# Biases from hidden to output nodes:
0.697904990195656
# Number of epochs trained for:
4000
# Mean squared error of finished training:
0.0008574460781676851
# Number of backward pass calculations:
18308576
