# Weights from input to hidden nodes:
0.12807228055169462,0.040694131211234996,-0.11819829223870504,1.6368284861886866,0.31363045381732974,-0.9172653632629155,1.1254811069866302,0.09949785979503206,0.05344970006928024,-0.09359424015982432,-0.053254973677662534,0.09823745938538549
0.10989300330804336,0.008519549469818977,0.012773489054076215,-0.44231943629959136,-0.05493492553358016,0.38503150849300005,-0.10278481782824334,-0.24026779102623874,-0.16244978306193703,-0.19456568354516035,-0.1563551713277248,0.2882503098973656
-0.18173145419638964,0.11151610679568247,-0.08984955144935264,0.07939847960099292,-0.10672932720331221,-0.22399652865553002,0.15909986901004292,-0.20612431776218615,-0.24456649630634109,0.2171528595793148,-0.05365914827611843,0.1465133412211523
-0.1697403413730239,-0.08064646618432936,-0.16121091935045828,0.004640499369310682,0.1453485790249951,0.17275180143396301,0.1606606521206289,-0.01092701914837868,-0.07782257377767932,-0.20556372413112056,0.18593256813527256,0.5430339560442029
0.017648203208899538,-0.04021017626593526,-0.06826468978352518,-0.07702256855362606,0.042257865643643006,0.29711925952138996,-0.1017871292848464,0.19269156234659823,0.11376051104619544,-0.19022203140475058,-0.22725700920433722,0.27380695988027565
0.14029841560764067,-0.07436698952354015,0.05933275110205821,0.10773625472109571,0.11257063882844474,0.10602946099951183,-0.007528698908858352,-0.03437058867792542,-0.07506395905018892,0.020711084648512346,0.13030281322332737,-0.2542461322490742
-0.20952530354337534,-0.21726564152217642,0.11558417850888575,0.04385933429386333,-0.09082176047264827,0.14385197220546325,0.1611222195032913,-0.19173953003938582,-0.1214301183757876,0.17253196967433054,0.09865730234234399,-0.504102469374185
-0.10226274792291606,0.21542554486401222,-0.14478320895974411,0.4151130713413623,-0.10411180125443456,-0.23161705742903535,0.1523638665139453,-0.2046975365297693,0.22666967048928166,-0.08316653499233789,-0.15263057471260813,-0.45460894369001104
# Weights from hidden to output nodes:
0.13837014433100167
0.04751454578007877
-0.12685226211872908
1.4065367648321723
0.22739619120181667
-0.9036496875227207
0.912013560091166
-0.09605195110302436
-0.09088969628922075
-0.08573213477583115
0.06599477052422442
-0.8631611597504062
# Biases from input to hidden nodes:
-0.08808808878756857,-0.18691867118388283,-0.03926753984954978,-0.4862182756027497,-0.211036390299384,0.4626559430531492,-0.33688087300654684,-0.1507753412251857,-0.04874894395381468,-0.12328399577252103,-0.08561008438925431,-0.25509181221634325
# Biases from hidden to output nodes:
-0.44876268835413935
# Number of epochs trained for:
1000
# Mean squared error of finished training:
0.00179891814518898
# Number of backward pass calculations:
4580576
