# Weights from input to hidden nodes:
-0.37113555694908085,-0.034203299085755916,0.033311636675022314,-2.592331650337138,0.07871090140042093,-1.121064761491232,-0.23337804618557192,0.3332775352302681,1.064075129128517,-0.7450302803533787,0.024520546886322644,0.8602410376317741
-0.027520754601346113,-0.16785410072485596,-0.156836043127544,0.8556425384763799,0.16195391617933103,-0.12487455631517679,0.4592863562334542,0.33007499002556184,-1.6584056357751942,0.5422440473254841,-0.1490210035857193,1.141216535438594
0.37609364793307454,0.06432964730468917,-0.11054081941706585,-0.5412585765718528,-0.19229765817478764,0.6943856063486624,0.33300134918384505,-0.04399057979280741,0.7418929822623658,-0.34151035775485206,0.13708491466982295,0.25871406636459854
0.026539188448457925,0.06348857298587625,-0.010422951431842884,0.5823862270954947,-0.13922330819309128,0.13288297177604283,-0.03707111089086883,-0.05926889340394508,1.0142681261042932,0.8267684340414254,0.16695862091275687,0.2601057238663578
0.04118893873618037,0.13357623606192767,0.10598510697386936,0.5355392920544932,0.04107332021720599,-0.11564494258415234,0.39110779108991145,-0.31129135078932285,0.15619606377953943,-0.34160528346668806,-0.011436050119386023,0.059293563103970326
-0.08561436063811569,-0.1248952629529576,-0.1835293886092839,-0.04558397104362457,0.05048138894057756,-0.04145981251795218,-0.25822356413943404,0.1344025676751226,0.07919656325336387,-0.3837378282836123,0.10980062544775775,-0.13610903192125412
0.06916737744347844,0.24964447821835892,0.04170386942766803,-0.5666847890235595,0.14183984587968626,-0.22012062795510737,-0.473471889207598,0.0337776327865083,-0.3183164302009099,-0.40746881941046365,-0.06826880525426617,-0.3561889187278036
-0.24646044799060904,0.12551681343610038,-0.1353517345597762,-0.11103925585890367,0.14135121925528135,-0.636128184244126,-0.4818200835202044,-0.11784160115509627,-0.3544883576278,-1.6332863270461262,0.2522750012091664,-0.22175790373106682
# Weights from hidden to output nodes:
-0.1328404638873979
0.0021218685059463268
-0.026020937783991394
-1.7024819619977143
0.04765437637638636
-0.5961584623460119
-0.278472422026208
0.0861976935534687
1.033988378409631
-0.7865471398118598
0.031674273131218525
0.6953404591306453
# Biases from input to hidden nodes:
0.009188061234700588,-0.17670898372493038,0.18492015595956188,2.0874811112285787,-0.049620807241467356,0.6092482856759821,0.12692734061777575,-0.07205736226786065,0.19321060080003574,-0.06169368065029613,-0.27391447534936497,-0.03606056850081353
# Biases from hidden to output nodes:
-0.19425589645029276
# Number of epochs trained for:
10001
# Mean squared error of finished training:
0.0008690477981764968
# Number of backward pass calculations:
45764576
