# Weights from input to hidden nodes:
1.830523500738557,0.7128425940013413,-2.6170566445295713,1.9188259512538932,1.5540005102073076,-2.8564308038663446,0.5264036409323816,-0.776751673424941,0.8722786085372388,-2.12141740001294,0.44619678906391147,-1.4771406237807398
-0.6665188754121806,-0.26791115106401586,0.8492669046182726,-0.7589262003813678,-0.5902043760074697,1.0850249434246322,-0.023330971755987633,-0.10977683282831546,-0.49749751025103783,0.3748285740924316,-0.43315891487507646,0.4245251490926443
0.07936144639707028,0.21490372916376047,-0.6886078596924169,0.03268327730313729,0.10694341520399983,-0.5788977621619491,-0.18862689333306384,-0.44880404403982677,-0.10915274093917646,-0.25896250351129485,0.02790164438304095,-0.3924797742006958
-0.4474769127728747,-0.15425402144429273,-0.0016991861011333104,-0.144599858334591,0.025926820996204067,0.37261855323016424,0.07872117649110044,-0.0689670555745416,-0.1727079856471496,-0.13108130007517996,0.1383779258788337,0.20886843361893043
-0.19794988357870183,-0.02975046742355676,-0.44214818937636247,0.05031016362257638,-0.1410297950623659,-0.5109499960836694,0.19407319471308263,0.2527685233966731,0.07924729285101141,-0.34080911269740444,-0.08146223605358162,-0.10757286508026362
0.21950170956575157,0.015579750601079407,-0.0988955549296578,0.07222493893700718,0.12767057495955095,-0.1616038938651994,0.15510186934942616,-0.052231744141589244,-0.01038705268264147,-0.07710985748432611,0.3218957265045137,0.0733262611574819
-0.15773439576171785,-0.18625820606537422,-0.0352228637886213,-0.10865007086066615,-0.046152352268168495,-0.028400292149516965,0.24025701182458195,-0.2550675271561074,-0.08103754934031557,0.05635245479413048,0.16637828719186215,-0.2968161655630312
0.5033712873920694,0.4630497494113206,-0.9660245974104386,0.5463865921314052,0.2755084685032176,-1.0531610697092189,0.23502683535105096,-0.4541579532384971,0.5186079294033434,-0.7181542787123883,0.09799324816607166,-0.3730967755528154
# Weights from hidden to output nodes:
1.9123142384252327
0.5899123058618185
-0.4565259583203814
1.6196025562166134
1.4101602526749155
-0.2548036672464742
0.020619112045727257
-1.1471552461745274
0.7382915512303065
-1.041200444406774
0.22072756150055578
-1.5474991656164037
# Biases from input to hidden nodes:
-0.8563592792033877,-0.42508697329956086,0.4937387033960853,-0.8829772366221482,-0.7385507319249988,0.5565737462455411,0.0075545913220964375,-0.0043653790078726756,-0.3525663991913436,0.3164045399061421,-0.21225935569905943,0.10177429484674821
# Biases from hidden to output nodes:
-1.7148930020757998
# Number of epochs trained for:
3000
# Mean squared error of finished training:
0.0018157605564005645
# Number of backward pass calculations:
13732576
