# Weights from input to hidden nodes:
-0.12024776207650835,0.03735948279318361,1.121683102429575,0.6167747308256963,-1.4631407381227766,1.4688174165769485,-1.9977336491334052,-1.5040032175685158,-1.0056574322344956,-0.025508034939290908,-0.5671120239267315,-0.9089121123686688,0.1310802569742476,-1.2353276309194403,1.442160318748084,1.0408205856863264
-0.13858130028037907,0.07982822208985253,-0.7665499326301503,-0.12311485591914648,0.3296845506563089,-0.7318656800727585,0.4629149287621086,0.5662951940471502,0.25576128431452994,-0.17748512383989426,0.3758429329259802,0.03730540369638748,-0.0005010324693311601,0.06460430890251513,-0.5691695286376929,-0.3444884927157246
-0.07592410617922063,0.17056690752164663,0.06353982248665098,0.112640825569582,-0.2144763222361883,-0.11243914064640345,-0.26340876910984434,-0.27326739284024254,-0.3313502666897103,0.018417918927451708,-0.24947219697118223,-0.3790824223551105,-0.21308769260647514,-0.4126995825450596,0.02531622180239461,-0.0017135344904099393
0.21675042098302905,-0.020720253794784035,-0.2404871611435072,-0.22306933770964388,0.2367520693866899,-0.055150082884028354,0.22748905970411257,-0.08237289198858092,-0.010602279767738476,0.028655026545513596,-0.014887929061121854,0.026910413492247435,0.18706079400503323,-0.15630688430846845,-0.26802143003855167,0.06015328431108529
-0.054779974936310226,-0.1261807012305981,0.22137841459075755,-0.08234883951555626,-0.10018694021087368,-0.022023808994497556,-0.11333114483273707,-0.31092131846270404,-0.1012416013696792,0.0683440956378527,0.21752634144703661,-0.22074412494153195,0.19474400448283258,-0.23607733158104047,-0.09148154694229997,-0.10112389419921411
-0.2491259460048049,0.24898775618083396,-0.07401542434620688,0.31185759974641913,0.046471790000931545,0.06261899704507184,-0.3271438769676069,0.10262712854123837,-0.18865748406185917,-0.03971796260449014,-0.10262288590712211,-0.09456313051858471,-0.02718565988097297,-0.27625097038124624,-0.11630949937342627,0.19395087621400628
0.1565376376737465,0.011880372735702789,0.010952746461124591,-0.11929205756600582,-0.025239721293136144,-0.003528497555594422,-0.08815581540116493,-0.14871084048727312,-0.1996673649051371,0.22263231568442435,-0.1810255682835086,0.14799478840836663,0.09010375206932338,-0.00865766799299859,-0.13655026213192215,-0.17403090610065994
-0.18952471913046193,0.08996337903068508,0.38180659042400084,0.2729779422081174,-0.6086831781310189,0.46711908170712546,-0.4785585486906997,-0.5050910812062589,-0.4180415402045506,-0.00791219391616907,-0.2963049574252485,-0.28803392622139234,-0.0687166639097135,-0.20108243240772164,0.5330053438689675,0.0771060795808104
# Weights from hidden to output nodes:
-0.28585481249218747
-0.025657241709120513
1.2018936652417873
0.6226876591786105
-1.3419866543560364
1.420074086516147
-1.2256410513748566
-0.9757199261443894
-0.9957721957577101
-0.09938426344508301
-0.8222297853807322
-0.8722164547627552
-0.05402836883228604
-0.8358622498903971
1.6300889569280181
0.84011749426738
# Biases from input to hidden nodes:
-0.20304465080765935,-0.1579061411651694,-0.22207055228384526,-0.21981442823465897,0.23009265709577337,-0.2983281702355918,0.28887608410433624,-0.1057729993614452,0.21396985681000188,-0.08044425815031926,-0.12660312610963814,0.05850850571719324,-0.2584661051444472,0.08173358780193951,-0.5253475404748451,0.04614930915649788
# Biases from hidden to output nodes:
-0.5303591241145138
# Number of epochs trained for:
2000
# Mean squared error of finished training:
0.0018021070828006702
# Number of backward pass calculations:
11973984
