# Weights from input to hidden nodes:
1.0542462388441722,0.6142812839773871,-1.4621266628822374,1.1402951895499447,0.9957873632259612,-1.5402613015939308,0.4491789233680641,-0.20503966410532973,0.45496541504936844,-0.8527472482002242,0.354907117978692,-0.3341581675747863
-0.32439984934733346,-0.2640255358980772,0.2916164550287147,-0.39695862550252414,-0.38500451165759225,0.4084083573471791,-0.04878136900650013,-0.28251142320397604,-0.39140353663241556,-0.10514833944624624,-0.43517611586127525,0.09239717919388117
0.0064089550204980165,0.18405138321568504,-0.5729763807273671,-0.057597608492410905,0.022003863565334503,-0.4382803781961669,-0.26771987578027495,-0.3860352754893724,-0.21574558483539955,-0.10248303893994323,-0.019865941000799824,-0.2396793192144683
-0.35368334841372373,-0.21580507569425833,-0.18981079146463983,-0.05988498530037697,0.037507160208469184,0.12090345395651082,-0.013707419053050637,-0.1258541513238749,-0.20850178071738387,-0.2881943196300821,0.0663007381751742,0.12281832989827167
-0.1137581379117083,-0.14013453197623588,-0.19465345239305426,0.056114803693607586,-0.15672186541531805,-0.18727799978895013,0.01838081764633834,0.15546716774999564,0.029060664662817363,-0.27814651393102047,-0.22305109655951186,-0.17652436279751685
0.18875061019230874,-0.05808863489240458,-0.04616868655441607,0.03470961494415314,0.08998745871394548,-0.11947638541274679,0.05553133660020282,-0.086787182569011,-0.07977739339855155,-0.06658854718348221,0.23017537335059252,0.06922949373367401
-0.14290766285304557,-0.20211235343084613,-0.09506393390234603,-0.09400598290203659,-0.0412956101916377,-0.09916070619761333,0.19244138018957815,-0.2760245248761808,-0.11919511773933111,0.02792408607579131,0.1304208635617285,-0.30759854907558465
0.2221127685904214,0.3978718974409597,-0.6002971781422736,0.262416448440215,0.08231741709183982,-0.6380347875879858,0.16796234364117935,-0.31889899199633526,0.34976354893154643,-0.3532453417759208,0.02888389143874594,-0.06412324029101163
# Weights from hidden to output nodes:
1.0033912122849649
0.620106205252294
-0.5180563891403283
0.9557461993697113
0.8926379772187726
-0.551529301576076
0.23721470116242505
-0.43459231473235926
0.36825427029784913
-0.5292757711335053
0.30787885740446846
-0.4292978079449086
# Biases from input to hidden nodes:
-0.4830774755420723,-0.4780349557065927,0.00128227441552356,-0.5336922479255224,-0.5452993699255588,-0.016902260751124134,-0.1349395001656372,-0.2636792964352553,-0.2993992366346914,-0.17935767793519125,-0.30414249739174565,-0.32983844722810124
# Biases from hidden to output nodes:
-0.7381252516153126
# Number of epochs trained for:
1000
# Mean squared error of finished training:
0.00200454662749485
# Number of backward pass calculations:
4580576
