# Weights from input to hidden nodes:
2.4388072081223693,-2.667145813198077,1.9584644569977854,-2.174601501350409,-1.096128627304324,-2.3366741184093183,-0.6360371357922343,-1.1611803203250515,0.3308709433129607,0.494805073416063,2.283867271050862,-0.4725620873910636,-1.9427868405606499,-2.643856532317165
-1.3073454983004265,1.1491285913060312,-0.6371452920488432,0.3786565977180114,0.29537360807386587,0.6974482829283183,0.057891526048119514,0.1461600947385213,-0.0032637552192902094,-0.006359783615106729,-1.083983872921103,0.25030748126449476,0.16962318196374732,1.0131020942529645
0.16801291167867569,-0.5543843206809369,0.18364420724350908,-0.2360652439467001,-0.3242126775706645,-0.2624494866182955,-0.16573892705212306,-0.01110012618982494,0.08900349323048684,0.2080053252082434,0.1247176926904192,-0.32833877539458134,-0.3315026362264533,-0.36639689693596944
-0.41709506844263833,0.042604034916045,-0.20542200159855195,0.2046068140668376,0.05244192077120869,-0.15055695257827062,-0.10991636960923018,0.14120182723246189,-0.25343004271187086,0.06219889122969346,-0.07124074030137419,0.1673325733025676,-0.17068880518937257,0.4168606506339048
-0.24117077895142058,-0.9034640518458753,-0.058988294871755644,-0.4552104853752815,-0.12829237769602744,-0.19191860168718128,0.06910091470751181,-0.38161825353369005,0.09687590087835013,0.19963489609722918,0.8265086628396136,-0.2540085794252903,-0.30722981988111786,-1.0554334344046497
0.22201260340939685,-0.5007872695035159,0.015901021593145395,-0.17472524668841308,-0.2872379148316778,-0.16217094373604257,0.2908839676872341,-0.16462855483917002,0.21523852162621046,0.027815096378992262,0.7075285875519614,-0.10557229812969138,-0.03850334654160497,-0.18622594696079509
-0.18352207192309108,-0.2992730547357004,-0.15134579353252783,-0.299844852322194,-0.16937418022940123,-0.22661415955374203,0.1407489698179321,-0.1925015570520808,-0.06665945556262559,0.16970137222546489,0.2571318635344647,-0.2385605528235357,-0.10258872314414197,0.09637101316162822
0.9098365882159609,-0.7933911424628389,0.46978069170375736,-0.7693784061278395,-0.1303779009116072,-0.8461776449326115,-0.33393028106434663,-0.23740046012257235,0.4515887574723707,0.16627980990944002,0.7904846041518467,-0.042432525666435524,-0.5392958790676043,-1.1367392410927069
# Weights from hidden to output nodes:
2.6345553583041985
0.5429115700617331
1.9727749015814962
-0.8106634613219567
-1.0202019255439396
-1.363994651141376
-0.7368749935012039
-1.0994572623200334
0.41827868286805026
0.4007376223077619
-0.6417509366645242
-0.6070150222751226
-1.206853981782005
0.6928426039051958
# Biases from input to hidden nodes:
-0.6504709126882281,0.11416635328049561,-0.48478967438668674,0.05440480937276451,-0.02431347613117741,0.29937085046691125,0.1516077524254989,0.2432446193587705,-0.24535247688652953,0.0425113034660701,-0.0864070360222463,-0.16155311969320335,0.21131015111319595,0.2166707481617233
# Biases from hidden to output nodes:
-0.6349214214098278
# Number of epochs trained for:
3000
# Mean squared error of finished training:
0.0018222456564377192
# Number of backward pass calculations:
15845280
