# Weights from input to hidden nodes:
0.5484034827643411,0.1927110025047931,-0.6070620289617995,0.6755208315920306,0.5529731865922201,-0.6653722866849273,0.3157023942137482,0.09416807444651401,0.2633581288188992,-0.3828069661678034,0.2130007546645011,-0.025104188836286033
-0.36200847488419874,-0.15596260837664522,0.4935108283188432,-0.4510972626240562,-0.4074881284770595,0.6716908210727456,0.07213810881644502,-0.23779966715672646,-0.39832590633192655,0.09578360583780794,-0.43714217828247026,0.2731407609822322
-0.23359155187585712,0.09239297037069093,-0.09893474646126908,-0.3063920300880316,-0.16178593908436478,0.04676507211373924,-0.2232472637867065,-0.20817897280111364,-0.26313564161869585,0.21283465735714316,-0.050702522238000834,0.011345546751626879
-0.224125980172932,-0.09501439695905012,-0.13407283941050085,0.08227078414915483,0.15100861623511758,0.18490276422283686,0.1429633458893481,-0.012360029180231212,-0.1068452145379435,-0.18540112088107494,0.18675897853257822,0.2553628070033094
0.39083883894719135,0.09527678280008557,-0.5035659723793414,0.625516403588664,0.28134728273438286,-0.5567583649794745,0.19297852963289858,0.18784614548837247,0.2997155638838598,-0.447371151343211,0.01033999005827929,-0.25922740110349574
0.5775455450197797,0.09026527008678806,-0.40636287276999233,0.5266627900490275,0.44548632231322427,-0.5588731205315695,0.18019398645792742,-0.03851763345525537,0.1335929439962283,-0.25268028818604904,0.43010347782798236,-0.024838962922040016
-0.11529260247423827,-0.17690329277541855,0.009032087061389001,-0.04219874298908377,0.0036444310409639224,-0.01166784357664096,0.2521274505698471,-0.1933493837669057,-0.08058445093350498,0.1127489443541113,0.18131918338642145,-0.22080343335338853
0.21763125227871305,0.3381213208027285,-0.4831386589829072,0.31919491120069604,0.10541315603254181,-0.5616200620862992,0.1817657873882862,-0.207859300821001,0.3768644409572209,-0.2806421970345867,0.06939020615953805,0.0021392981581252763
# Weights from hidden to output nodes:
0.8541098190612019
0.224085389251653
-1.2022920982370586
1.03878122797741
0.7211147306526293
-1.46117089280188
0.16909701111386014
-0.0310320874423607
0.4833298605302941
-0.7609966574985877
0.439470838455823
-0.4653285751184225
# Biases from input to hidden nodes:
-0.185253931246162,-0.21171050075734854,0.022430469532555092,-0.2194381023862747,-0.2593018294403045,-0.0008714215581045622,0.13108649510053746,-0.1526786804503824,-0.10236110213437594,-0.07982002788216397,-0.09332244467628395,-0.1711789637312523
# Biases from hidden to output nodes:
-0.4799784436289491
# Number of epochs trained for:
10001
# Mean squared error of finished training:
0.004391760205881405
# Number of backward pass calculations:
45764576
