# Weights from input to hidden nodes:
1.8841286959544217,0.6037125148291328,-2.6561202632584164,1.9995829412797776,1.7351429714825144,-2.814221958439733,0.42163282952286313,-0.9047125684361416,0.8970462124889155,-2.2530798946980553,0.7635382810606975,-1.775565527806012
-0.7051746776071902,-0.2641990153492061,0.8509941525754439,-0.8289700909614053,-0.6916367353736116,1.0737130063004654,-0.027096806340855123,-0.1516941909224175,-0.5328658677634001,0.36071116668795183,-0.5902345018462424,0.41783024253576867
0.12030165408413668,0.18887257146994976,-0.7473215582663879,0.07948474101979455,0.17560685406166018,-0.6199218351654495,-0.23392101133763607,-0.5284825467334181,-0.09203479893683147,-0.32064153348632723,0.09217766002833466,-0.49374316254849215
-0.4515081068029814,-0.15407034137799422,0.02631833904215305,-0.1499913150975925,0.02003160875345659,0.40676347551905806,0.07301300980848698,-0.08944156379913012,-0.18534336009646213,-0.10861318115143274,0.11119817761655378,0.22050696527392377
-0.1279961436883831,0.02954637628734773,-0.5353868238539213,0.06863020752756152,-0.11279926030065116,-0.5891329005915891,0.18976182285121665,0.1506192089517881,0.13447683868523305,-0.4623654562747486,-0.09604902909378286,-0.28277427615697204
0.283116575740703,0.044154540047667605,-0.17911739654447983,0.1372059290340083,0.16135620187479474,-0.25324679970734776,0.16737142166735447,-0.05746537340396615,0.033144547247232384,-0.11596518305218181,0.3661490320112393,0.05448518080201159
-0.0012839226999764083,-0.1441132607106519,-0.23238790166135032,0.022185560632317882,0.062324330863321946,-0.23831742358239202,0.2374768433417959,-0.3452408752053224,-0.008921423816534947,-0.11842947638493243,0.24122762682902588,-0.4598348531603898
0.4619026652696512,0.41771898892450604,-0.8354120170196597,0.4819986930672841,0.25390026113857755,-0.8846261914049406,0.19275108689551398,-0.4436835280607093,0.504590578541964,-0.6408907541387757,0.18855833676764563,-0.3604407133403303
# Weights from hidden to output nodes:
1.977474711811923
0.3630850695198689
0.009577062333237242
1.787670208071334
1.6107667312764733
0.3568326334465416
-0.13466778003307636
-1.2985600292319293
0.6888042228367256
-0.8153122840942467
0.5302393121906901
-1.5593613932105375
# Biases from input to hidden nodes:
-1.0573503862151028,-0.4330068562408419,0.5377378648204386,-1.1231692412739485,-0.9790222481065102,0.561286305386623,0.008908731567408908,0.06942276822737077,-0.4337636783339749,0.42815062573426566,-0.3874542573052478,0.2678257356355074
# Biases from hidden to output nodes:
-2.09288053822797
# Number of epochs trained for:
5500
# Mean squared error of finished training:
0.001448288514102508
# Number of backward pass calculations:
25172576
