# Weights from input to hidden nodes:
-0.0016674589577177418,0.12500755639529262,0.31063501942633426,-1.0798978101062149,0.18063527060966453,-0.1821685042951223,0.08882703379979205,0.29656188616338996,0.4926594912004768,-0.641256908718311,0.0968970961975523,0.20703702169616256
-0.11183675208596607,-0.40279367816779255,-0.43582719752516,0.8915126835746273,-0.023830288722676733,-0.16548814882752297,0.019261472066049088,0.1994509562301809,-0.5574787370523907,0.539309037038911,-0.2976143554691983,0.2436722041027769
0.12866682320762254,0.01133633285470664,-0.21534823103020545,0.2103393638372775,-0.09557476209283619,-0.1269788554906163,-0.045543442039446484,0.07796499921996132,0.14615368289819813,0.20240298747671384,0.11927734256999897,0.1702901169771558
-0.05347613538554336,0.07317517861759709,-0.07238659590457498,0.1218799373951687,-0.07319227371055675,-0.03137475147491658,-0.23452100116355395,0.01877138536725673,0.2218767335969135,-0.16019617686799043,0.23067237146429517,0.14385459823712166
0.12739533897113584,0.38370312602406126,0.30539039668032897,-0.9071173111397502,0.23499188650552638,-0.21138211963993797,0.23407548841435982,-0.18954412113838232,0.418911573572786,-0.5540716126775949,0.2527388337075773,-0.06779331968759615
0.06059199619920535,0.12178420634250915,0.04854277577978585,-1.0303290139912051,0.2459407786327093,0.08166273664421915,0.013426294565487785,0.23986106356458778,0.24857298121172677,-0.6347264209073613,0.3552012449994446,-0.07138458515018425
0.1314029922208545,0.2854197729323113,0.08244007764623633,-0.1887271966781941,0.1982727883142663,-0.03139452837894162,-0.1923651313054005,0.10000571607150054,0.033426446878695795,-0.06719214786649663,-0.04301970113524066,0.2090530586524833
-0.006825093684211686,0.2786901354041545,0.04890548055980957,-0.8096136868283765,0.2181880254142743,-0.22474307840375982,-0.0018635034490950594,-0.12056966456500277,0.3502937148245285,-0.1510693004566104,0.3585066154469964,-0.2216844027176283
# Weights from hidden to output nodes:
0.05489336460174803
0.5251698472560201
0.4832697125833541
-2.109831873948096
0.3440896186123302
-0.2594227063765227
0.0329768649770893
-0.028684626932116493
0.8208219129532481
-1.2328085714228398
0.5106220660882274
-0.1880899402244504
# Biases from input to hidden nodes:
-0.13024130688957436,-0.1786032117773209,0.08293079342115955,0.1901522611077383,0.006482127644224325,0.14989403010337213,0.08289114576152304,0.007733024761902196,0.07511603566516538,0.031071108941846937,-0.19361086056201238,-0.22333069977452605
# Biases from hidden to output nodes:
-0.1177776818324123
# Number of epochs trained for:
10001
# Mean squared error of finished training:
0.004599074594726606
# Number of backward pass calculations:
45764576
