# Weights from input to hidden nodes:
0.052853593952432186,-0.293705828458004,1.244320409287151,0.37861579917235944,-1.3935582483697497,1.643173281468886,-1.9812928871136377,-1.615253164400207,-0.9700390481509696,-0.010619551744041257,-1.0026116808679875,-0.6065805801807775,0.06559966364059283,-1.0162578178763855,1.3980094541501058,1.1318673987334256
-0.20553271953429772,0.14219030816010134,-0.9041899548946816,-0.06129509783923741,0.2667875410576623,-0.912171039893813,0.4240610069648041,0.5749774962680531,0.22254749013505978,-0.22038463908603284,0.4827774204740309,-0.0853893857866113,-0.01820522226589489,-0.05575880290667339,-0.5985639353012182,-0.43077812708121554
-0.06995272521691183,0.08139686103271576,0.0225924023986522,0.07235686648970795,-0.30165113522644715,-0.1958223128062298,-0.3672739282477092,-0.3795546027413135,-0.3985277375364262,-0.005214673892131423,-0.39565554506731193,-0.38420749567116824,-0.24799055857909313,-0.4436235094972772,-0.011891496618694672,-0.02582273428253503
0.19888955446837397,0.011612077335500981,-0.22832974385167754,-0.19984513499504936,0.2713718432981093,-0.016807088412250325,0.2792868176046979,-0.03688552500789257,0.010505300248517474,0.02382687254934089,0.035306212743954735,0.012085428098166798,0.1864446271997894,-0.16012619372212095,-0.22006531696802004,0.07502910659428814
-0.0639488765830217,-0.1471812447985166,0.22755814793148302,-0.07071074675291222,-0.1314437763772321,-0.022879085746493888,-0.12944341094215184,-0.3511268835160352,-0.13367025623388704,0.05264318220834124,0.13896827689035252,-0.20828774968687216,0.1827648590979647,-0.19851563676829959,-0.0472705108067952,-0.10082710522464113
-0.24205549934265386,0.2081276161766816,-0.06701682686914752,0.2926351909186812,0.03447251003144479,0.07638217442174164,-0.33654730879402966,0.07314438317867814,-0.20005784108641028,-0.04145533941797528,-0.16074914564625353,-0.07216147753886432,-0.03311106698140272,-0.24995342612518456,-0.11137022025670167,0.18691255898954529
0.15163086764474445,0.0039884954132499515,-0.05778904889588812,-0.13003013896711024,-0.016361761853478565,-0.09327623979053852,-0.06357713069635365,-0.131468265471031,-0.18759496187853233,0.21200557127126113,-0.16714586359171502,0.151260997645602,0.0821734462821543,-0.00023321530359560815,-0.1900058194857392,-0.2275851777369266
-0.14094582874139608,-0.0394725532946107,0.4343339439719731,0.19322790821077213,-0.6306598413053316,0.5367157294993873,-0.5193434141358616,-0.5865034040046632,-0.43594821353215646,-0.009765831935961297,-0.46250287259423745,-0.21229568144601596,-0.09506821890086836,-0.15145799144699085,0.5286616209721602,0.0938442946767582
# Weights from hidden to output nodes:
-0.12453931479463447
-0.38596320232717524
1.3216205114520714
0.3495438595799879
-1.2408892037766568
1.6313450337250486
-1.0903728942286686
-0.9586672156625251
-0.9105609197246977
-0.08683340514669552
-1.0885529837136734
-0.6886929400710072
-0.14114017073060164
-0.7912298357490484
1.551946260594379
0.9512032427436861
# Biases from input to hidden nodes:
-0.23376985845423326,-0.14557075265751893,-0.27866897768226323,-0.20559639367726454,0.22621055523036457,-0.36960050010537676,0.2939388558152334,-0.09671604621394844,0.21057597055772276,-0.10094007912632681,-0.0918784220295312,0.021222058147632127,-0.2707319470444586,0.05146488963658662,-0.5335935517886948,0.0008359414416927954
# Biases from hidden to output nodes:
-0.5717109973701787
# Number of epochs trained for:
3000
# Mean squared error of finished training:
0.0012803188972134753
# Number of backward pass calculations:
17957984
