# Weights from input to hidden nodes:
-0.45776188035533155,1.5318522592641912,1.7506808251563668,-3.947346288441368,0.8544827152178027,-2.421139675808325,-0.42999904968848596,-0.5581572364714199,2.186361407579184,-3.480356014938912,1.3353044356834292,-1.4137096767882174
-0.07912436385787405,-0.8942444369526852,-0.904341747216484,1.8880642815651913,-0.2561573941861007,0.2544869395236242,0.06516954356391517,0.29598760369118493,-1.1715482177385692,1.3300066107950201,-0.7291002218503739,0.4604936324351327
0.0015213990810732478,0.12807060072967402,-0.07754813241185518,-0.5525333172805318,-0.031819630766436076,-0.5913021759006254,-0.1912601721671166,-0.14771233812339152,0.3504071260372594,-0.448961445910041,0.23320111257007933,-0.23625437238893846
-0.0560852274435152,-0.21478786762108187,-0.3185938856917948,0.7512570966063333,-0.2252099070737676,0.19883669213913507,-0.23640313300369822,0.05749158896929355,-0.10675892753323286,0.3585912630352399,-0.020244062592059818,0.2428842924080694
0.15259597027828936,0.2732924973573486,0.18161585242165587,-2.3862415567052957,0.22816615441158203,-0.36420938485995713,0.24239742890242685,-0.22135911642306105,0.41059767044198026,-1.4430717543971634,0.20056094440624989,-0.17992141539575746
0.020987530833203216,0.07226424566501054,-0.03150735503130065,-1.2291622727837799,0.24349036815659728,-0.0708909407260947,-0.03172705834203039,0.17152812971063036,0.1012701884303241,-0.8021897944014637,0.323069795397921,-0.1758202701615888
0.10854811565367296,0.14495413414351535,-0.07702537647049912,-0.050171123909361695,0.14001776262737395,-0.027061710692242766,-0.21158578770153955,0.07728199316543942,-0.20739153754182116,0.03170716864626169,-0.16691369280333193,0.20320776138666247
-0.1480248828270068,0.6098332518829663,0.3437295591512191,-1.4855391880630746,0.3854871874814296,-0.8652415402563102,-0.15358584413488083,-0.3700090019530535,0.6413524138481753,-0.8786798212564176,0.647704649659016,-0.6481080649621319
# Weights from hidden to output nodes:
-0.6970702836936712
1.493928500830182
1.6286144227529735
1.185074572786692
0.6421805841176634
-1.6023408620729687
-0.7535342162827764
-0.9731371790304133
1.3464784762365363
-0.04347844701993757
1.2454159315516735
-1.605467682009235
# Biases from input to hidden nodes:
-0.11023358426018336,-0.7289386377460575,-0.46482407951997173,0.8768277666055491,-0.2589652155609687,0.5653681374816653,0.11440042749018862,0.09395111784944239,-0.5974483984399613,0.6928931771629149,-0.6683120871124721,0.00011336374760184616
# Biases from hidden to output nodes:
-1.617972256630184
# Number of epochs trained for:
3000
# Mean squared error of finished training:
0.00125880376981696
# Number of backward pass calculations:
13732576
