# Weights from input to hidden nodes:
1.9711907700034856,3.291517743203108,1.3846911965152486,0.25970241659185905,1.3890831382205064,-2.6860031799767565,0.4409928058809838,-2.5779197278773727,-1.5427752653965656,-2.5832081048681057,-0.39238166791274287,-2.010075266057577
-1.4434733022687247,-1.436247605783467,-0.6151599470821767,-0.18141727735142044,-1.0693113632334066,0.8141688723211824,-0.4099042519281957,0.6052958319681653,-0.4025268170346468,1.3840345013388193,-0.4926126140720966,0.13141308052608908
0.19288828358331955,0.3912865800799697,0.483717118527381,0.13815305537471603,-0.009891800933448592,-0.6709579840059255,0.223688397192745,-0.8192202794770421,-0.4899682139549329,-0.41073480129564033,-0.411125477021509,-0.5096519572064923
-0.5069202951034458,-0.22216604030866502,-0.3251974269615115,0.07451893030814251,-0.3442260638745946,0.43853270134667094,-0.1898507839246675,0.014431265172767185,0.007082594076046265,0.18091055099204265,-0.2533851294279656,-0.29743005351234153
0.14887427788138516,0.332695708410055,0.5205689813086982,-0.2325325456559379,0.31319141268259704,-0.955137055771741,0.08540131189548783,-0.9153204654825657,-0.24018820760202178,-1.2801373287629672,-0.20000950579287535,-0.4566971018302099
0.5672818980857496,-0.32817281854280517,0.31464894438732716,-0.1439314893699797,0.26581124396545447,-0.23866389618880252,0.3172043324347892,-0.2623395177717022,-0.07580684589120434,-0.10483135313964177,0.1192069176762903,-0.31009989556952366
1.337613221637067,0.31488307126862264,0.650155077806194,0.13140377245776605,1.0049501059951105,-0.7634497274874595,0.20318888342513136,-0.823202433535528,-0.45825878645018847,-0.8156807831615973,-0.22335078666183603,-0.6469357042400637
# Weights from hidden to output nodes:
1.7304317697366642
2.4245610246180402
0.32763990829241846
-0.05291661422527433
1.1717982554226283
0.8047491376709682
0.28567766975520664
0.57027699922782
-1.3384426873910782
0.11121078381541347
-0.9661988193566708
-1.215674882820679
# Biases from input to hidden nodes:
-0.8057052768636934,-1.6649854111420945,-0.5780903794115302,-0.208786732826253,-0.6044504000566746,0.5583407330405076,-0.5542547874704468,0.7325967476868059,0.3926104968379041,0.3291473510571487,0.04363492461024178,0.3898842842128075
# Biases from hidden to output nodes:
-2.2068845378254522
# Number of epochs trained for:
10001
# Mean squared error of finished training:
0.0013983028772665885
# Number of backward pass calculations:
45764576
