# Weights from input to hidden nodes:
1.2997192177909052,-2.7312858046516637,-1.0095825495779673,-2.2188193614732743,2.9570302015800567,0.5557548124800928,-1.3105822951262367,0.14698226209795753,0.7324967609042873,1.6732007003468041,-1.89422464648173,-2.237756336422476,1.7393626272507212,-2.998522284810731
-0.9337158009631371,0.6917190479127959,-0.18142126827081878,0.6301416230729585,-1.3375247944716924,-0.04047910551035604,0.14986053903596813,-0.35167718464311987,-0.2626751015134443,-0.7586965608352154,0.5997196801125201,0.8925853011082816,-0.8818831016349457,0.5024147389654088
-0.09029767800795613,-0.4218583215560511,-0.30338493868276795,-0.4623790421037984,0.5306250682094107,-0.14753407659986434,-0.5591074831803894,-0.0962907987471106,0.1786441383114971,0.0278810668089513,-0.26634132315769576,-0.7705852142798395,0.225027381988296,-0.7154159395213863
-0.5877838497057148,0.12106393612511122,-0.24949721869268815,0.11126048091163214,-0.30384575764970556,-0.2889961418267079,-0.2924129353008142,0.07801216497272256,-0.23586313465944997,-0.10152950096696178,0.19103002562592958,0.32739636795159205,0.005429479206478378,0.1154730901485604
0.1371880973197481,-0.5561393596212005,-0.27405885717103057,-0.7377153127106839,0.3298196008021138,0.24657208769098612,-0.4486246282318384,-0.17923087596208753,0.2159055343569973,0.04484656376490388,-0.7145438345998019,-0.5943175417918397,0.03336052101659516,-0.5366001191769227
0.7744484642682685,-0.4134211132435554,-0.05681372343456115,-0.40510386887660693,-0.40802475549688394,-0.024392610314355245,-0.06237555967179268,-0.036467639047065216,0.2243278288121552,0.2788819397088875,-0.22046108477175186,-0.270519424627531,0.24890725301908068,-0.5787825609239734
0.30035376586759305,-0.3068639096411967,-0.2118979181098696,-0.1196955425957972,-0.11425449984406508,0.17574654174854154,-0.32627717977213705,-0.11624629558758356,-0.24310315328349638,-0.08757731499861925,-0.12415072967456174,0.00389648451897839,-0.14161672171231357,-0.2476042694720233
1.2465381395904367,-0.6625752093929698,-0.3488671655072113,-0.818008008444598,0.46893034720860305,0.31820310801354595,-0.6038092405635795,0.21836464695389635,0.4641859588295375,0.7584322362257531,-0.6388258398127121,-0.8585843171936215,0.15746981807696778,-0.6052005057756458
# Weights from hidden to output nodes:
1.5526814312532076
0.21362885732754794
-1.2943324483105016
-0.08596378946820891
2.7148479924564914
0.1788774540926986
-1.2969171273258389
-0.3445545770373086
0.19192383615366468
1.1482425681030637
0.6200067362276648
0.229366895771917
0.9890369509577168
-0.11150579483555989
# Biases from input to hidden nodes:
-0.7252271079681222,0.7021870840545503,0.2522514498760664,0.3058905205090671,-1.8459046611837426,-0.36308318532231953,0.12394539635300728,-0.30962482510681477,-0.21139517191406204,-0.8192874933071569,0.36566852258118226,0.08521389994184521,-0.5984789147085803,0.98685520185275
# Biases from hidden to output nodes:
-2.4460140057494804
# Number of epochs trained for:
10001
# Mean squared error of finished training:
0.0014038113400297347
# Number of backward pass calculations:
52805280
