# Weights from input to hidden nodes:
0.9043163445959281,0.4106311640072259,-1.1293806790662988,2.2685631471388255,1.1511577418910286,-0.6157388347674982,0.5713748007052322,-0.12893704545100124,0.17519275525356548,-0.591692184893005,0.3242920714571149,-0.18079658249871694
0.11428639776369826,0.1000550814228398,1.7407978223118796,-0.6923040443156957,-0.2955970412778631,0.8322907935216505,-0.15159395121489236,-1.0499577735439118,-0.11318098445174658,0.05222006167635367,-0.38282602774830865,0.23245011788308573
0.24476411133093848,0.3785765465562618,-0.7819043378984798,0.6345573599192574,0.3104450068432978,0.1530072509023779,-1.3919713334005424,-0.5868896942435872,-0.10731792858029471,0.31704999710805987,0.04566206834485988,-0.1339853864773157
-0.3399041182064453,-0.12008733219897937,-0.455474634121825,-0.3374370240200336,0.7881490521644761,0.5059908125655033,0.10647533205654344,0.5636961219376564,-0.04025753883979483,-0.3968978727044508,0.2525353323042332,0.32449232029723774
-0.10101251724649489,-0.05905741044508593,-0.9981924571528432,-0.08852440872834753,0.15396403287419552,0.5158945382183638,0.06364528065813076,0.3231571678740819,0.14707079819206753,-0.24011132193209545,-0.2122254784972561,-0.11695572533222366
0.3122542035124187,-0.12539580485411325,0.06342511344584141,0.28144864667153335,-0.6716623831792384,-0.29812955782060907,0.3308752095416536,0.08123418273892785,-0.09441212667565098,0.006494978517657515,0.20587662485924685,0.08727228826799695
-0.08041375164751037,-0.18971093321709104,0.5401487270201045,0.20896890553494465,0.0066394702359254204,-0.4669321778412589,0.7163909678684698,0.01494147004391244,-0.08959001823968137,0.1975011215747428,0.12918925282029042,-0.23471682677828618
0.20121413942575872,0.28705935150264356,0.385576681030575,0.229409627405603,-0.8459480244095737,-1.4291365612517284,0.37654141182027107,-0.32879948484442795,0.23124905343980504,-0.18681261872866076,-0.09320168757161616,0.02765753400153905
# Weights from hidden to output nodes:
0.1791665559080221
0.234613550031644
-1.0835124533371796
1.4953456168219854
0.5306919862223565
-1.0895776816528806
0.7600135071983488
-0.7628548153250174
-0.027362611108808065
-0.14163496218126048
0.00231152895354855
-0.009694126154568054
# Biases from input to hidden nodes:
-0.6631957920505622,-0.3150635451557073,-0.38150830975317573,-2.4066574962693825,-0.7315992076717672,-0.6547536689001674,-0.29258422146719937,-1.4973917902465347e-05,-0.01683293867927341,0.18236001861042594,-0.07345757222806887,-0.053609143661337726
# Biases from hidden to output nodes:
-0.2236814997995624
# Number of epochs trained for:
10001
# Mean squared error of finished training:
0.001006465840966928
# Number of backward pass calculations:
45764576
