# Weights from input to hidden nodes:
-0.18968405143927375,-0.29044969815865973,-0.12209885976781738,-0.6509287670910062,-0.004655317299955004,-1.3146882235506108,-0.16461137759651412,0.7189756103433099,1.0710684487715172,-1.5199428681779652,-0.16359097242670936,0.7784855813084354
-0.037485130574832645,-0.039716154684450805,-0.01281718970635388,1.1159803827505554,0.12084043023172338,-0.008203684396513741,0.06137155512865621,0.209919574603267,-1.1099262723610077,-0.007930758371991583,-0.08171937712524895,0.30216452278686934
0.05253417081593391,-0.16511969238398033,-0.29261938364647117,0.07138170237812934,0.002825669661884847,-0.3906861073668794,-0.06713236186282111,0.38798885487784934,0.19350772292789653,1.0185910764758384,0.037323634088547004,0.4773699368528999
0.029491545886322898,0.2935865318291392,0.16808805895128584,0.572120004664943,-0.11709817013273208,0.7442384630713873,-0.11672442575341935,-0.4822630688350366,1.8732555212839457,0.15104667955289955,0.22836873559177406,-0.42010119898730275
0.12478183117531114,0.1852664839785087,0.010625481100513302,0.086096705531253,0.01821639629325072,-0.11727932474262323,0.16754435426100692,-0.36215229773752683,-0.24189635417559083,-0.38083374981337775,0.11778606941031332,-0.30127733445046945
0.02396087040134426,-0.11743658078479295,-0.11818810127446121,-0.07191182394043465,0.004254727114053581,0.49352911549909634,0.02019713513468657,0.03815422947253733,0.4108397781554753,-0.388325280490101,0.0863615331532287,-0.08310463603206882
0.11880351985232054,0.2869442506046551,0.12255927183741817,-1.0882357882848537,0.08362259134754464,-0.04331922931076656,-0.18433867959117942,-0.07258483319086516,-0.18094676417419167,-0.3851267738737506,-0.09038473175314728,0.09393987021554365
-0.06052950534169151,-0.07909470227154763,-0.20590670968595698,-1.2066722786799553,0.03537514564759124,-0.743062521087343,-0.011980917546966743,0.18671931832579572,-0.8068415395084234,0.020648800291077022,0.09957816684627527,0.2979405939671436
# Weights from hidden to output nodes:
-0.007993911500146533
-0.06487768490218764
-0.06479611434306905
-0.16200789011277666
0.0083228991276535
-0.16801049339358878
0.0018492494551242385
0.10577443165631235
0.21710540591979263
-0.1378874320145564
-0.005195051908729829
0.11754278434272859
# Biases from input to hidden nodes:
-0.03437190776744106,-0.03285585253838261,0.24436518769641527,-0.02193234533570845,-0.035726177564273334,0.5942656790255288,0.17936256011570553,-0.3008691319519078,-0.5441998026896426,0.5716936679688099,-0.153772373825449,-0.5327532843413072
# Biases from hidden to output nodes:
0.4054883597263612
# Number of epochs trained for:
10001
# Mean squared error of finished training:
0.0009336647883484797
# Number of backward pass calculations:
45764576
