# Weights from input to hidden nodes:
-1.632938203590889,2.0898290655037277,-1.5020872233296176,-0.635179657233117,0.06659803444236746,0.7903819503716965,1.33529225589471,-2.5075983422877393,0.545824002968399,0.6081913613619162,-0.14344930712412177,-1.3327535752943733
0.4635528032709122,-1.1905632341187413,0.09970673727046694,0.39949827957336004,-0.28461928474640275,-0.4143979227431315,-0.751106502306578,0.6640015514797782,-0.47412155439505754,-0.5518276302322012,-0.13485720402007195,0.14894626553171122
-0.5087962488031467,0.03951435994671923,-0.14759215753167004,-0.09751055266000712,-0.041922974883870874,0.19801959103262814,0.2797154256585662,-0.18151973214560752,-0.05956013523071015,-0.01993077352694845,-0.28671115236710626,-0.32071613408315597
0.21185327788762953,-0.35091531850410934,0.17498342892055244,-0.023446763328468935,-0.15030572467447006,-0.0866287463107882,-0.22379594002342657,0.08995565461004024,0.0716912481140956,-0.0007585793589718895,0.1561962177205907,-0.10632650919653873
-0.34781232890973973,0.4736496704924773,0.031191955806785288,-0.16976906037855816,-0.024464596873670023,0.2147691106944307,0.3299319924637555,-0.9332688227528306,0.30287990910443574,0.41774108543350014,-0.05060015727085833,-0.4320721530476582
-0.23002801951859028,0.2583289147774538,-0.13848658533937178,0.15085982151612143,0.04775289024659845,-0.0662620041228481,0.07193175972182043,-0.5423867453128871,0.09072808409714625,0.280524791381026,0.30530048676611965,-0.24130330581943146
0.10908119204902797,0.031923302377123604,-0.02914193121850244,-0.19988021733437017,0.05991512138135988,-0.14984717823929944,0.13463136301211145,-0.1497679741597712,0.1538827350785874,-0.20112073067377484,-0.1537222566600969,0.11435584502388962
-0.583337292107414,0.6485639340562949,-0.6648640378353461,-0.26376058008546055,0.07483079315700501,0.22799798029655224,0.35193343612125155,-1.042079461524726,0.0890956453110644,0.4510646963794546,0.05561603163351701,-0.47588826974059606
# Weights from hidden to output nodes:
-1.4371607703531541
1.6758259692031563
-1.5175773520737788
-0.9660927108284476
-0.051096940139364326
0.7274316322529025
1.2552530333163445
-0.9894940629222302
0.5204426590461101
0.6771955914922986
-0.2933610394844998
-1.1140084730174595
# Biases from input to hidden nodes:
0.15829597864418996,-0.3457916466486748,0.32375997327844724,0.15876880959129994,0.06075312467844873,-0.03159831796983148,-0.25984888349716373,0.19640085084141196,-0.175442634031424,-0.023899917277302358,-0.060042685172428285,0.03310818173480721
# Biases from hidden to output nodes:
-1.0000529529194293
# Number of epochs trained for:
10001
# Mean squared error of finished training:
0.0018382941620996647
# Number of backward pass calculations:
45764576
