# Weights from input to hidden nodes:
2.255962259419517,0.461546856999138,-2.593608129879605,2.537856053961729,2.2488094668957643,-2.7126783635909195,0.330899882326847,-1.0399761488412815,1.1730342552945352,-2.2640477780707022,0.6505451963586182,-2.297062166534273
-1.0681706411659588,-0.22794361076598327,0.917187181694177,-1.3016951606675833,-0.9553806058224553,1.1728488311553225,-0.08282576152549037,-0.40265235926492,-0.6690249949754725,0.4179450878480039,-0.5801889330020368,0.17469747688501297
0.2168587494275191,0.13621797988200665,-0.8545692423474928,0.25995476967840525,0.4429576545440801,-0.7327743510640038,-0.285466670223423,-0.6363128571270847,-0.05355856782803197,-0.4389978451564345,0.0348506435875281,-0.7556608089850325
-0.5996720115377564,-0.19246585399335053,0.018116737960012955,-0.1869461912353822,0.07420309243640771,0.3982857024506727,0.0028786709249761446,-0.16431895821562337,-0.2470399318876398,-0.10799874833014393,0.06465871494411161,0.1672129061113274
0.1364506009610984,0.05173265732871951,-0.7405509442135129,0.3610146721304106,0.252269565851814,-0.7491528550605504,0.1376645703038796,-0.1827587783339032,0.2744917616019727,-0.7598264046762454,-0.01074222440249487,-0.7879258656020569
0.47266798678217725,-0.02665172231728179,-0.0834155510071333,-0.0006806258700848185,-0.13528108582181836,-0.1379438828528264,0.09006182487594233,-0.06458597607850895,0.04452153798236262,-0.09629623922834553,0.301752036197012,0.06117912527850219
0.11776344867298874,-0.2237777230155399,-0.10192268537011225,-0.028184889182725596,-0.137216596024554,-0.09666503363889523,0.16996191781131612,-0.31532546530120437,0.00015270729845060077,-0.016052180924569438,0.1642777985418498,-0.39984833152878974
1.048931498425394,0.34976768737492403,-1.0123278710868306,0.8426297151034604,0.28382115414754466,-1.0835053832163875,0.12013913284216139,-0.4802789543477363,0.7054564090715879,-0.8062561221915827,0.14930330831622943,-0.563610986104038
# Weights from hidden to output nodes:
1.814153544122039
0.17069497485103474
0.303221673443485
1.7873262204258582
1.8234872065622585
0.30177078015214587
-0.14805125403803418
-1.1135914511188454
0.8100783014721677
0.33606043916938005
0.25005025870424813
-0.7511552076839468
# Biases from input to hidden nodes:
-1.3282408643553305,-0.474059215297383,0.4946929648906481,-1.551382568693208,-1.3517982536921924,0.5012559200092287,-0.07502935007659808,0.07358827512847517,-0.6398325094486129,0.3883428284378755,-0.4302785905959118,0.439456982590124
# Biases from hidden to output nodes:
-2.6459003927423503
# Number of epochs trained for:
10001
# Mean squared error of finished training:
0.0013951586155441869
# Number of backward pass calculations:
45764576
