# Weights from input to hidden nodes:
1.2862778859464399,0.698152777653894,-1.1591358369998102,1.3853213415392993,1.381590201858187,-1.0015588495168555,0.22601131858986787,-0.8824116962931086,0.5379426263631121,-1.0705330640029205,0.5444766740729083,-0.9174756120014124
-0.34694539109090966,-0.38077151244712243,0.249247471991883,-0.33656150869495577,-0.3972891486347066,0.3616109736576231,-0.2560269560383761,-0.5164428184978743,-0.5513264451882128,-0.20185992733481478,-0.6948379135038382,-0.0507598035476466
0.24020216333206798,0.14185298940548632,-0.5987730758789312,0.2703185734805497,0.365862784329322,-0.41604921334951256,-0.5646487824268037,-0.8696805255822231,-0.2972727276221154,-0.33782703312255197,-0.11316431964867395,-0.6360079966051295
-0.3233388050209946,-0.2925937555710036,-0.18575655884574435,0.11023611668711725,0.23430951919466506,0.16019478814709354,-0.252211396100058,-0.5081001351610701,-0.31902803972270616,-0.443836779936662,-0.07412829451107411,-0.15336383825813324
-0.08468728641502343,-0.04975777108504956,-0.01297541767685304,0.10803980558205181,-0.0464710147007452,0.13193846780715762,-0.15411401647002007,-0.39491137990985814,0.04357257397439994,-0.4433946004590753,-0.27932907843759336,-0.5642523122237356
0.36072562612721787,-0.020906004551843355,-0.009866148426721824,0.005504253433470451,0.04060022862961552,-0.044102072474501534,-0.10332126464782375,-0.4210282059921636,-0.0563754157927515,-0.20145564338960467,0.2298939972545769,-0.1892686671708487
0.18707400756805445,-0.12689059383379866,-0.07201621844232829,0.03585093348564858,0.06887849184751192,-0.028950334037621175,0.015078908802839571,-0.6647925008352823,-0.08024364465250183,-0.1377923381711432,0.16483367784295927,-0.6127710405243592
0.5475739007723868,0.4643164187310314,-0.3945766167488998,0.28428744648312526,0.11299419354938148,-0.34743504314015466,-0.01684748571536194,-0.7202979159525398,0.3941968614577947,-0.466584031766283,0.09781673879789449,-0.3703268495870808
# Weights from hidden to output nodes:
1.7863104314356992
0.6462977087425474
0.9048723786975138
1.8666180939629768
1.4647980896280968
0.9851466397809604
-0.1229715371630062
-0.5355244041550035
0.4103732192996257
0.6322742043806587
0.14396294932594522
0.23675312704527604
# Biases from input to hidden nodes:
-1.6302427445828105,-1.1301170942045549,-0.2963443790972419,-1.73081739585683,-1.6380905555667282,-0.48804722465040945,-0.627835990463985,-0.27329991205470255,-0.8693336599627944,-0.2974937256682665,-0.9626044325236467,-0.38813911603221224
# Biases from hidden to output nodes:
-1.8309720800470208
# Number of epochs trained for:
5500
# Mean squared error of finished training:
0.0015145039091178387
# Number of backward pass calculations:
25172576
