# Weights from input to hidden nodes:
-0.7435231463094583,1.760727857956696,1.5484321650369965,-3.693677558669506,1.3641585836203032,-3.468255216006568,-0.2463000756216311,-0.2430023743016632,2.3258327663245795,-3.5460182682477965,1.4853821824644706,-1.073340868997058
-0.043621176224353096,-0.886539975093685,-0.7278510044940429,1.797884072056504,-0.39284023017584657,0.6077011586423592,0.009688987310869283,0.22427554478126432,-1.131563025514693,1.3384297683615292,-0.6970310332773323,0.36101266690546713
-0.039627016291188345,0.20404099409094925,-0.029551901584893143,-0.44985448131814804,0.04360893216514746,-0.6902409301362512,-0.14440026001405012,-0.06092949972407975,0.45129836995279615,-0.3729197414484618,0.3065888551014224,-0.12416886397602886
-0.07574724770303716,-0.3080420224038075,-0.32525155349029616,0.7213498617518106,-0.3450296865796301,0.2901818422699257,-0.27643900848287495,-0.005240996968421739,-0.24548558187375127,0.33008087906521627,-0.09056507376972063,0.1409007891159964
0.12224415372360571,0.31410925084526564,0.2524400716899248,-2.64603216881794,0.2983857091295601,-0.9445201733493541,0.2746938192097455,-0.1757700848531438,0.47966690273732754,-1.671855659828501,0.25208497832084287,-0.14164565320397743
-0.0179168674870155,0.09009993227549794,-0.013686490956378604,-1.275619386596859,0.28870332134368076,-0.287418865498823,-0.012095937506454177,0.21040635197708715,0.14611472191042935,-0.8485789916632637,0.3413202049158805,-0.14188013842114092
0.08468979672600663,0.1863456476181241,0.004362685254981561,-0.08781543629343325,0.1487409134592404,-0.05460967216249242,-0.22478036026691212,0.06906179551756027,-0.1406479103957978,0.01123278130198314,-0.12934512084507205,0.17521021793747718
-0.20403477928414662,0.6491136810623808,0.2931167436858729,-1.544637610701438,0.5238462422218342,-1.1507383004643648,-0.08544619563169027,-0.25449099130784253,0.7119367650664861,-0.9315819462758803,0.6771749889643788,-0.5124708132126753
# Weights from hidden to output nodes:
-1.041974625915068
1.7445098471874831
1.353147300525243
1.6843024695632312
1.0692582294105282
-1.2691276936112006
-0.6384578579753988
-0.7171517066683929
1.4009206781804449
0.26745191858517203
1.3682786550731294
-1.4547790570772003
# Biases from input to hidden nodes:
-0.04038639799327041,-0.9420637878383105,-0.4621166144910828,0.8426838622925917,-0.512990128799887,0.9490601944227911,0.08910660848683215,0.05944406351729249,-0.7971908615806821,0.8148511739065244,-0.8204326309462734,-0.018994455262320034
# Biases from hidden to output nodes:
-2.1739925190274865
# Number of epochs trained for:
1500
# Mean squared error of finished training:
0.0018613220470078669
# Number of backward pass calculations:
6868576
