# Weights from input to hidden nodes:
1.3613182757996747,0.7219695734348828,-1.2384668333503013,1.606307931675703,1.4729696442491793,-1.091145389813599,0.12507647998848004,-0.7740041112348124,0.6280883937586332,-1.226316222822919,0.5005635252787233,-0.8889472427081747
-0.48514202126367323,-0.4115386324145821,0.23825903679069962,-0.4291999945178888,-0.4657128059056978,0.36083492357711705,-0.2633139999988345,-0.48855087862877866,-0.6004587395358377,-0.21695955370806325,-0.7017178073237289,-0.04460171096624083
0.20025365762136893,0.20237007698366327,-0.5769947841026193,0.19452024502460238,0.273763806892287,-0.34079799110920117,-0.6361637502348139,-0.9211534399791248,-0.25135018364708905,-0.4812893643419766,-0.1313483835706783,-0.7111351856215667
-0.41765245158468545,-0.3593772725611669,-0.23558865928594055,0.2343080117441933,0.22519304491614484,0.09261602605303533,-0.2943910742832928,-0.4526166694521777,-0.3511466317103804,-0.47253595859457026,-0.13491290767656905,-0.13909677992670372
-0.11120781731499935,-0.10868394868359603,-0.09268762524117828,0.1859405729949032,-0.003775633572694831,0.03919849249329314,-0.22758526078510707,-0.32373128743566526,0.002619839887348799,-0.5367206472589079,-0.3188748361158722,-0.5521356873906373
0.3485552228149322,-0.017055110812295163,0.042463075587930485,-0.159270450840642,-0.051134130675073323,0.04572278068293886,-0.13438236686088206,-0.3719570553970384,-0.057319089599490065,-0.22523250320694027,0.19582987636796456,-0.1537508737820594
0.08272180645279321,-0.1667083770923995,-0.018025972512845004,-0.1485193841910913,-0.0706523041807122,0.04347105184078471,-0.02592083720541674,-0.570763892469456,-0.10953581269817506,-0.14535716965893916,0.08878630222000707,-0.5444408751829842
0.7243116105876304,0.5672506001736684,-0.46756075771923283,0.3219330623342204,0.17881147010028967,-0.377185153275827,-0.03761070969365582,-0.6978690681664373,0.5006846487591496,-0.5995155821060705,0.12372208215248882,-0.39152697962023847
# Weights from hidden to output nodes:
1.822971394870577
0.6746425957897872
0.9682793418289138
1.5740193591776728
1.3045411656667802
1.101838133344851
-0.35703903388009767
-0.4708756665130258
0.31087520066352936
0.3732045410645714
0.01730477971756405
0.12821197554650407
# Biases from input to hidden nodes:
-1.5005652496855038,-1.073248396448729,-0.2810140975321827,-1.5578263274324198,-1.4526429418582576,-0.4749184562291285,-0.5591176563796721,-0.32015537916490927,-0.8395390693200943,-0.2548712821433587,-0.8606661127685253,-0.4225006828271052
# Biases from hidden to output nodes:
-1.678810200412171
# Number of epochs trained for:
4500
# Mean squared error of finished training:
0.0012529456602938156
# Number of backward pass calculations:
20596576
